layer	source	target	run	dist1	dist2	dist3	dist4	dist5	dist6-7	dist8-10	dist10-
0	en	ar	1	0.7836592353	0.7072649573	0.6165533786	0.5928066795	0.5519607843	0.5502431118	0.5447154472	0.5806451613
0	en	es	1	0.7847801719	0.7089268756	0.6089564174	0.5928066795	0.55	0.5275526742	0.5457317073	0.5743727599
0	en	fr	1	0.7826628472	0.7105887939	0.6169532187	0.6024405909	0.5480392157	0.5494327391	0.5528455285	0.5833333333
0	en	ru	1	0.7851538174	0.7039411206	0.6041583367	0.6043673732	0.5607843137	0.5470016207	0.531504065	0.5681003584
0	en	zh	1	0.7827873957	0.7015669516	0.6161535386	0.6030828516	0.5490196078	0.5429497569	0.5284552846	0.5707885305
0	en	en	1	0.7484120065	0.670702754	0.5617752899	0.5510597303	0.4911764706	0.4951377634	0.487804878	0.5134408602
1	en	ar	1	0.8302403786	0.8212250712	0.7381047581	0.6987797046	0.6578431373	0.6482982172	0.6554878049	0.6908602151
1	en	es	1	0.8299912816	0.8238366572	0.74970012	0.7174052665	0.6921568627	0.6677471637	0.6707317073	0.7051971326
1	en	fr	1	0.8306140242	0.8107787274	0.7389044382	0.7000642261	0.6470588235	0.6482982172	0.6412601626	0.6666666667
1	en	ru	1	0.8197783036	0.811965812	0.7397041184	0.7007064868	0.6754901961	0.6547811994	0.6646341463	0.6971326165
1	en	zh	1	0.8204010462	0.8100664767	0.7544982007	0.716120745	0.6754901961	0.6661264182	0.6829268293	0.7141577061
1	en	en	1	0.7881429817	0.7293447293	0.6281487405	0.5947334618	0.5362745098	0.5413290113	0.5172764228	0.5555555556
2	en	ar	1	0.8292439905	0.8290598291	0.7656937225	0.7289659602	0.7254901961	0.7009724473	0.7073170732	0.7410394265
2	en	es	1	0.8256320837	0.8269230769	0.7580967613	0.7283236994	0.6950980392	0.6717990276	0.700203252	0.7186379928
2	en	fr	1	0.8345995765	0.8262108262	0.756097561	0.7302504817	0.668627451	0.6766612642	0.6869918699	0.7105734767
2	en	ru	1	0.8147963632	0.8084045584	0.7528988405	0.7141939627	0.6921568627	0.6742301459	0.6554878049	0.7177419355
2	en	zh	1	0.8149209117	0.8148148148	0.7552978808	0.7315350032	0.6931372549	0.6904376013	0.7164634146	0.7437275986
2	en	en	1	0.7850292689	0.7374169041	0.6329468213	0.5953757225	0.5529411765	0.5380875203	0.531504065	0.5725806452
3	en	ar	1	0.833976834	0.8378442545	0.7836865254	0.7572254335	0.7166666667	0.7131280389	0.7083333333	0.7437275986
3	en	es	1	0.8336031884	0.834045584	0.7808876449	0.7456647399	0.7235294118	0.7098865478	0.7093495935	0.7455197133
3	en	fr	1	0.8334786399	0.8319088319	0.7604958017	0.7385998715	0.7117647059	0.6977309562	0.6981707317	0.7231182796
3	en	ru	1	0.828870345	0.8264482431	0.768492603	0.7495183044	0.7049019608	0.6977309562	0.6941056911	0.7338709677
3	en	zh	1	0.828372151	0.8335707502	0.7700919632	0.7604367373	0.718627451	0.7244732577	0.7388211382	0.7643369176
3	en	en	1	0.7663469922	0.7362298196	0.6361455418	0.5960179833	0.562745098	0.5559157212	0.5599593496	0.5913978495
4	en	ar	1	0.8394569685	0.8463912631	0.8036785286	0.7809890816	0.7450980392	0.7414910859	0.7357723577	0.7571684588
4	en	es	1	0.8410760991	0.841642925	0.793682527	0.777135517	0.7460784314	0.7358184765	0.7428861789	0.7580645161
4	en	fr	1	0.8405779051	0.8433048433	0.7968812475	0.7784200385	0.7549019608	0.7423014587	0.7459349594	0.7652329749
4	en	ru	1	0.8257566322	0.8281101614	0.7816873251	0.7668593449	0.7176470588	0.7066450567	0.6910569106	0.7338709677
4	en	zh	1	0.8276248599	0.8326210826	0.7912834866	0.7707129094	0.7235294118	0.7220421394	0.7225609756	0.7401433692
4	en	en	1	0.7766845186	0.7630579297	0.6893242703	0.6512524085	0.6	0.5948136143	0.5914634146	0.6245519713
0	en	ar	2	0.7827873957	0.7065527066	0.6057576969	0.6050096339	0.5666666667	0.5478119935	0.5548780488	0.582437276
0	en	es	2	0.786025657	0.7037037037	0.606557377	0.5947334618	0.5490196078	0.5364667747	0.531504065	0.5743727599
0	en	fr	2	0.7867729481	0.7041785375	0.6153538585	0.6056518947	0.5401960784	0.5348460292	0.543699187	0.5707885305
0	en	ru	2	0.7871465936	0.7113010446	0.6137544982	0.6024405909	0.5450980392	0.5397082658	0.531504065	0.5815412186
0	en	zh	2	0.7825382987	0.7037037037	0.6177528988	0.5966602441	0.5490196078	0.5405186386	0.5416666667	0.5761648746
0	en	en	2	0.7560094657	0.6728395062	0.568572571	0.5613359024	0.4931372549	0.4862236629	0.487804878	0.5268817204
1	en	ar	2	0.8324822518	0.8171889839	0.7445021991	0.7039177906	0.6598039216	0.6636952998	0.6544715447	0.6827956989
1	en	es	2	0.829119442	0.8245489079	0.7473010796	0.7206165703	0.6843137255	0.6782820097	0.6646341463	0.7096774194
1	en	fr	2	0.8253829867	0.8131528965	0.7337065174	0.7064868337	0.6460784314	0.641815235	0.6331300813	0.6594982079
1	en	ru	2	0.8204010462	0.8155270655	0.737704918	0.7064868337	0.6784313725	0.6564019449	0.6666666667	0.6953405018
1	en	zh	2	0.8189064641	0.8148148148	0.7548980408	0.710982659	0.6833333333	0.6823338736	0.6758130081	0.7213261649
1	en	en	2	0.7840328808	0.7267331434	0.6201519392	0.5876685934	0.537254902	0.5324149109	0.5193089431	0.5582437276
2	en	ar	2	0.8304894757	0.8323836657	0.7704918033	0.73731535	0.7088235294	0.7042139384	0.7012195122	0.7365591398
2	en	es	2	0.8272512143	0.8259734093	0.7612954818	0.7238278741	0.7009803922	0.6847649919	0.7073170732	0.7195340502
2	en	fr	2	0.8316104123	0.8245489079	0.7516993203	0.7251123956	0.6794117647	0.6831442464	0.6808943089	0.7025089606
2	en	ru	2	0.8170382364	0.8072174739	0.7421031587	0.7141939627	0.6892156863	0.6653160454	0.6697154472	0.732078853
2	en	zh	2	0.8136754266	0.8148148148	0.7493002799	0.7289659602	0.6843137255	0.6912479741	0.7103658537	0.7464157706
2	en	en	2	0.7854029144	0.7374169041	0.631347461	0.5831727681	0.5441176471	0.5316045381	0.5508130081	0.5940860215
3	en	ar	2	0.833727737	0.8373694207	0.7780887645	0.7630057803	0.7088235294	0.7171799028	0.712398374	0.7455197133
3	en	es	2	0.8373396438	0.8376068376	0.7784886046	0.7514450867	0.7196078431	0.7236628849	0.712398374	0.7491039427
3	en	fr	2	0.8360941587	0.8326210826	0.7660935626	0.7424534361	0.7147058824	0.705834684	0.7144308943	0.7231182796
3	en	ru	2	0.8248847926	0.8219373219	0.7652938824	0.7379576108	0.7029411765	0.6920583468	0.6971544715	0.7275985663
3	en	zh	2	0.8284966995	0.8319088319	0.7756897241	0.7527296082	0.7166666667	0.7196110211	0.7317073171	0.7634408602
3	en	en	2	0.7662224436	0.7338556505	0.6381447421	0.5921644188	0.5617647059	0.5559157212	0.5457317073	0.5958781362
4	en	ar	2	0.8382114834	0.8449667616	0.7960815674	0.7803468208	0.7460784314	0.744732577	0.7215447154	0.7580645161
4	en	es	2	0.8416988417	0.8376068376	0.7984806078	0.7790622993	0.7421568627	0.7406807131	0.7347560976	0.7562724014
4	en	fr	2	0.8353468676	0.8376068376	0.800079968	0.7707129094	0.75	0.7212317666	0.737804878	0.7607526882
4	en	ru	2	0.8253829867	0.8297720798	0.7860855658	0.7572254335	0.712745098	0.7034035656	0.700203252	0.729390681
4	en	zh	2	0.8296176361	0.8364197531	0.7916833267	0.777135517	0.7284313725	0.7147487844	0.7306910569	0.7383512545
4	en	en	2	0.7725744177	0.7637701804	0.6885245902	0.6435452794	0.6068627451	0.5818476499	0.5884146341	0.6129032258
0	en	ar	3	0.7844065263	0.7101139601	0.6221511395	0.6005138086	0.562745098	0.546191248	0.5426829268	0.5707885305
0	en	es	3	0.7851538174	0.7113010446	0.6021591363	0.5966602441	0.5490196078	0.5421393841	0.5396341463	0.5609318996
0	en	fr	3	0.7876447876	0.7039411206	0.6101559376	0.6017983301	0.5490196078	0.5243111831	0.5396341463	0.5734767025
0	en	ru	3	0.7834101382	0.7084520418	0.6153538585	0.5979447656	0.5558823529	0.5437601297	0.5355691057	0.564516129
0	en	zh	3	0.7845310749	0.6989553656	0.6033586565	0.5857418112	0.5480392157	0.5445705024	0.5284552846	0.5716845878
0	en	en	3	0.7492838461	0.6631054131	0.5613754498	0.5484906872	0.4921568627	0.4927066451	0.4949186992	0.5161290323
1	en	ar	3	0.8277494084	0.8224121557	0.7405037985	0.6981374438	0.6539215686	0.6588330632	0.6524390244	0.6971326165
1	en	es	3	0.8273757629	0.8219373219	0.7520991603	0.710982659	0.6862745098	0.6742301459	0.6880081301	0.7025089606
1	en	fr	3	0.8253829867	0.8081671415	0.7321071571	0.6846499679	0.6411764706	0.6426256078	0.6260162602	0.6523297491
1	en	ru	3	0.8212728858	0.8110161443	0.7429028389	0.7174052665	0.687254902	0.6661264182	0.674796748	0.7051971326
1	en	zh	3	0.8174118819	0.8098290598	0.74970012	0.7186897881	0.681372549	0.6734197731	0.674796748	0.7213261649
1	en	en	3	0.786025657	0.7307692308	0.6217512995	0.594091201	0.5352941176	0.5316045381	0.5274390244	0.5510752688
2	en	ar	3	0.8247602441	0.8307217474	0.768892443	0.7308927425	0.7107843137	0.6977309562	0.706300813	0.7365591398
2	en	es	3	0.8281230539	0.8290598291	0.7600959616	0.7244701349	0.6882352941	0.6742301459	0.6971544715	0.7141577061
2	en	fr	3	0.8294930876	0.8228869896	0.75009996	0.7212588311	0.6852941176	0.6758508914	0.6839430894	0.7168458781
2	en	ru	3	0.8166645909	0.8050807217	0.7457017193	0.7116249197	0.6892156863	0.6766612642	0.6666666667	0.7302867384
2	en	zh	3	0.8109353593	0.8057929725	0.7516993203	0.7251123956	0.6931372549	0.6839546191	0.7205284553	0.7356630824
2	en	en	3	0.7875202391	0.7329059829	0.6341463415	0.5908798972	0.5578431373	0.5243111831	0.5406504065	0.5833333333
3	en	ar	3	0.8311122182	0.8347578348	0.7832866853	0.7514450867	0.7264705882	0.7236628849	0.7205284553	0.7482078853
3	en	es	3	0.8358450617	0.8378442545	0.775289884	0.7565831728	0.7117647059	0.7196110211	0.7083333333	0.7428315412
3	en	fr	3	0.8321086063	0.8281101614	0.7704918033	0.7385998715	0.7068627451	0.7034035656	0.7073170732	0.7249103943
3	en	ru	3	0.8261302777	0.8264482431	0.7600959616	0.7418111753	0.6931372549	0.6904376013	0.6971544715	0.7258064516
3	en	zh	3	0.8272512143	0.8321462488	0.7744902039	0.7540141297	0.7049019608	0.7212317666	0.7215447154	0.7616487455
3	en	en	3	0.7629841823	0.7355175689	0.6397441024	0.5973025048	0.5539215686	0.5559157212	0.5518292683	0.5887096774
4	en	ar	3	0.8383360319	0.8433048433	0.8032786885	0.7758509955	0.7519607843	0.7366288493	0.7357723577	0.7508960573
4	en	es	3	0.8423215843	0.839031339	0.7988804478	0.777135517	0.7470588235	0.7398703404	0.7418699187	0.7544802867
4	en	fr	3	0.8354714161	0.8423551757	0.7928828469	0.7687861272	0.7519607843	0.7244732577	0.7388211382	0.7607526882
4	en	ru	3	0.828621248	0.8285849953	0.7808876449	0.7604367373	0.7147058824	0.705834684	0.7042682927	0.7231182796
4	en	zh	3	0.8266284718	0.8345204179	0.7888844462	0.7758509955	0.718627451	0.7066450567	0.7276422764	0.7455197133
4	en	en	3	0.7768090671	0.7606837607	0.6853258697	0.6493256262	0.6078431373	0.5729335494	0.5884146341	0.6164874552