layer	source	target	run	dist1	dist2	dist3	dist4	dist5	dist6-7	dist8-10	dist10-
0	en	ar	1	0.8153812301	0.7187671987	0.6870515887	0.6387878788	0.5930359086	0.5715648855	0.5761316872	0.6766169154
0	en	es	1	0.8104301903	0.7154650523	0.6935428767	0.6284848485	0.5865070729	0.5534351145	0.5761316872	0.6815920398
0	en	fr	1	0.8151611838	0.7141808842	0.6880765289	0.6272727273	0.6082698585	0.5772900763	0.5829903978	0.6865671642
0	en	ru	1	0.8095500055	0.714731242	0.6887598223	0.6315151515	0.5886833515	0.5648854962	0.5706447188	0.6815920398
0	en	zh	1	0.8095500055	0.7134470739	0.6846600615	0.6212121212	0.5799782372	0.5591603053	0.5637860082	0.675787728
0	en	en	1	0.7624601166	0.6519904605	0.6272634096	0.5612121212	0.5440696409	0.5143129771	0.536351166	0.6616915423
1	en	ar	1	0.8974584663	0.8838745184	0.845234028	0.7945454545	0.7551686616	0.7557251908	0.7283950617	0.7968490879
1	en	es	1	0.8952580042	0.8873601174	0.8670994192	0.8096969697	0.7747551687	0.7853053435	0.7489711934	0.8167495854
1	en	fr	1	0.8907470569	0.867547239	0.8404509737	0.7739393939	0.760609358	0.7385496183	0.7352537723	0.7893864013
1	en	ru	1	0.8831554626	0.8781874885	0.8623163649	0.7963636364	0.768226333	0.7719465649	0.7572016461	0.8092868988
1	en	zh	1	0.8810650237	0.8814896349	0.8554834301	0.8012121212	0.7932535365	0.7805343511	0.780521262	0.8175787728
1	en	en	1	0.8236329629	0.7805907173	0.7215579091	0.6587878788	0.6267682263	0.6116412214	0.6268861454	0.7056384743
2	en	ar	1	0.9052701067	0.8989176298	0.8797403485	0.8351515152	0.8324265506	0.8120229008	0.8257887517	0.855721393
2	en	es	1	0.9006491363	0.9003852504	0.8746156474	0.8436363636	0.8324265506	0.8167938931	0.8065843621	0.8383084577
2	en	fr	1	0.8977885356	0.8879104751	0.8653911855	0.8109090909	0.8117519042	0.786259542	0.792866941	0.8142620232
2	en	ru	1	0.878314446	0.8765364153	0.8653911855	0.8109090909	0.8139281828	0.8005725191	0.7983539095	0.8606965174
2	en	zh	1	0.8788645616	0.8774536782	0.8609497779	0.8278787879	0.8139281828	0.7986641221	0.8161865569	0.8665008292
2	en	en	1	0.8256133788	0.7853604843	0.7482063546	0.6660606061	0.6528835691	0.6278625954	0.6364883402	0.7155887231
3	en	ar	1	0.9047199912	0.9013025133	0.8944311582	0.8351515152	0.8411316649	0.8291984733	0.8065843621	0.8673300166
3	en	es	1	0.9082407306	0.9051550174	0.8893064571	0.8581818182	0.8411316649	0.8358778626	0.8436213992	0.8623548922
3	en	fr	1	0.903509737	0.8983672721	0.8787154083	0.8375757576	0.8313384113	0.8062977099	0.8271604938	0.8474295191
3	en	ru	1	0.8911871493	0.892313337	0.8817902289	0.8357575758	0.8171926007	0.8139312977	0.8134430727	0.8656716418
3	en	zh	1	0.8928374959	0.8934140525	0.8834984626	0.8363636364	0.8335146899	0.8263358779	0.8449931413	0.8739635158
3	en	en	1	0.8149411376	0.7871950101	0.7468397677	0.6739393939	0.6648531012	0.6660305344	0.6803840878	0.7686567164
4	en	ar	1	0.9087908461	0.9134103834	0.9067304407	0.8618181818	0.8639825898	0.8597328244	0.8614540466	0.8897180763
4	en	es	1	0.9084607768	0.9119427628	0.9036556201	0.8660606061	0.8672470076	0.8616412214	0.853223594	0.8764510779
4	en	fr	1	0.906590384	0.9097413319	0.8954560984	0.8666666667	0.8596300326	0.8606870229	0.8710562414	0.8772802653
4	en	ru	1	0.8923974035	0.8917629793	0.8886231636	0.8684848485	0.8498367791	0.8339694656	0.8491083676	0.8822553897
4	en	zh	1	0.8904169876	0.8945147679	0.88691493	0.8581818182	0.8367791077	0.8482824427	0.8477366255	0.8706467662
4	en	en	1	0.8217625701	0.8279214823	0.8120942945	0.7618181818	0.7388465724	0.6984732824	0.7256515775	0.7860696517
0	en	ar	2	0.8116404445	0.7152815997	0.6791937137	0.6260606061	0.5810663765	0.5639312977	0.5651577503	0.6616915423
0	en	es	2	0.8071294972	0.7172995781	0.6884181756	0.6375757576	0.59085963	0.5620229008	0.5829903978	0.6873963516
0	en	fr	2	0.8113103752	0.7224362502	0.6873932354	0.6193939394	0.5919477693	0.5572519084	0.5651577503	0.692371476
0	en	ru	2	0.8141709759	0.7174830306	0.6805603006	0.6121212121	0.5832426551	0.5572519084	0.5775034294	0.6807628524
0	en	zh	2	0.8105402134	0.7196844616	0.690468056	0.6218181818	0.5897714908	0.5715648855	0.573388203	0.6857379768
0	en	en	2	0.7690615029	0.6611630893	0.6299965835	0.556969697	0.5386289445	0.5124045802	0.5336076818	0.6616915423
1	en	ar	2	0.8981186049	0.88754357	0.8527502562	0.7896969697	0.7584330794	0.7576335878	0.7448559671	0.7968490879
1	en	es	2	0.8960281659	0.891029169	0.8718824735	0.8084848485	0.7845484222	0.7958015267	0.7668038409	0.8192371476
1	en	fr	2	0.8856859941	0.8644285452	0.8360095661	0.7648484848	0.7453754081	0.7270992366	0.7201646091	0.78026534
1	en	ru	2	0.8798547695	0.8725004586	0.8616330714	0.7957575758	0.7725788901	0.7709923664	0.7668038409	0.8043117745
1	en	zh	2	0.8820552316	0.8774536782	0.8541168432	0.7957575758	0.7889009793	0.7566793893	0.7640603567	0.8208955224
1	en	en	2	0.8200022005	0.7782058338	0.7283908439	0.6575757576	0.6245919478	0.590648855	0.6282578875	0.7023217247
2	en	ar	2	0.8970183739	0.891029169	0.8787154083	0.8309090909	0.8248095756	0.8282442748	0.8134430727	0.855721393
2	en	es	2	0.8999889977	0.892313337	0.8732490605	0.8345454545	0.8226332971	0.8158396947	0.8106995885	0.8391376451
2	en	fr	2	0.8962482121	0.8862594019	0.8701742398	0.8139393939	0.8095756257	0.784351145	0.7901234568	0.8233830846
2	en	ru	2	0.8754538453	0.8754356999	0.8633413051	0.8163636364	0.810663765	0.8015267176	0.8106995885	0.8590381426
2	en	zh	2	0.8786445153	0.8765364153	0.8609497779	0.823030303	0.8182807399	0.8177480916	0.8257887517	0.8606965174
2	en	en	2	0.8250632633	0.7877453678	0.7454731807	0.6781818182	0.668117519	0.6440839695	0.6433470508	0.7189054726
3	en	ar	2	0.8987787435	0.8998348927	0.8889648104	0.8327272727	0.8335146899	0.8358778626	0.8161865569	0.8615257048
3	en	es	2	0.906590384	0.9020363236	0.8862316365	0.8581818182	0.8487486398	0.8263358779	0.8367626886	0.868159204
3	en	fr	2	0.905600176	0.9014859659	0.8752989409	0.8284848485	0.8248095756	0.8148854962	0.8148148148	0.8532338308
3	en	ru	2	0.8905270107	0.8902953587	0.8787154083	0.8381818182	0.8269858542	0.8139312977	0.8216735254	0.8689883914
3	en	zh	2	0.891957311	0.8937809576	0.8766655278	0.8327272727	0.8313384113	0.8301526718	0.8299039781	0.872305141
3	en	en	2	0.8113103752	0.7980187122	0.7533310557	0.6739393939	0.6648531012	0.6622137405	0.6817558299	0.7645107794
4	en	ar	2	0.9028495984	0.9071729958	0.9026306799	0.8466666667	0.8618063112	0.8463740458	0.8628257888	0.872305141
4	en	es	2	0.9070304764	0.9128600257	0.905022207	0.8721212121	0.8585418934	0.8606870229	0.8628257888	0.8764510779
4	en	fr	2	0.907690615	0.908824069	0.9009224462	0.8684848485	0.8585418934	0.8482824427	0.8669410151	0.8822553897
4	en	ru	2	0.8954780504	0.8939644102	0.8845234028	0.8581818182	0.8628944505	0.8301526718	0.8477366255	0.872305141
4	en	zh	2	0.8930575421	0.893597505	0.885548343	0.8636363636	0.8509249184	0.8425572519	0.8449931413	0.8648424544
4	en	en	2	0.823742986	0.8209502844	0.8042364195	0.7551515152	0.7399347116	0.6898854962	0.7187928669	0.7877280265
0	en	ar	3	0.8154912532	0.7231700605	0.6843184148	0.6206060606	0.5832426551	0.5620229008	0.5651577503	0.6658374793
0	en	es	3	0.814280999	0.7127132636	0.6897847626	0.6224242424	0.5734494015	0.5610687023	0.5843621399	0.679933665
0	en	fr	3	0.8170315766	0.7154650523	0.6785104202	0.6212121212	0.5930359086	0.5667938931	0.5720164609	0.6956882255
0	en	ru	3	0.8114203983	0.7132636214	0.6942261701	0.6284848485	0.5973884657	0.570610687	0.5967078189	0.6865671642
0	en	zh	3	0.8106502366	0.7149146946	0.6805603006	0.6066666667	0.5930359086	0.5696564886	0.573388203	0.6683250415
0	en	en	3	0.7600396083	0.659145111	0.6293132901	0.5527272727	0.5342763874	0.5190839695	0.548696845	0.6616915423
1	en	ar	3	0.8993288591	0.8838745184	0.8421592074	0.7951515152	0.7671381937	0.7595419847	0.743484225	0.8009950249
1	en	es	3	0.896138189	0.8915795267	0.8715408268	0.8006060606	0.7867247008	0.7814885496	0.7503429355	0.8175787728
1	en	fr	3	0.8875563868	0.8719501009	0.8411342672	0.7751515152	0.752992383	0.7223282443	0.7270233196	0.7819237148
1	en	ru	3	0.881395093	0.878004036	0.8537751964	0.7909090909	0.7791077258	0.75	0.7626886145	0.8126036484
1	en	zh	3	0.883485532	0.8838745184	0.8633413051	0.8054545455	0.7867247008	0.7814885496	0.7818930041	0.828358209
1	en	en	3	0.828914072	0.7804072647	0.7280491971	0.6660606061	0.6387377584	0.5896946565	0.6172839506	0.6940298507
2	en	ar	3	0.896138189	0.8919464318	0.8821318756	0.8303030303	0.8280739935	0.820610687	0.8230452675	0.8582089552
2	en	es	3	0.8987787435	0.8976334618	0.8752989409	0.8406060606	0.8313384113	0.8148854962	0.817558299	0.8424543947
2	en	fr	3	0.897128397	0.8858924968	0.8626580116	0.8193939394	0.8008705114	0.7709923664	0.8024691358	0.8225538972
2	en	ru	3	0.8796347233	0.8732342689	0.8599248377	0.8060606061	0.8084874864	0.7996183206	0.817558299	0.8631840796
2	en	zh	3	0.881395093	0.8770867731	0.8537751964	0.8303030303	0.8117519042	0.8082061069	0.8189300412	0.864013267
2	en	en	3	0.823742986	0.7875619152	0.752989409	0.6775757576	0.6420021763	0.6297709924	0.6268861454	0.7114427861
3	en	ar	3	0.9016393443	0.9007521556	0.88691493	0.8375757576	0.8433079434	0.8215648855	0.8106995885	0.8656716418
3	en	es	3	0.9042798988	0.9047881123	0.8882815169	0.8515151515	0.8367791077	0.8396946565	0.8381344307	0.8615257048
3	en	fr	3	0.9021894598	0.8961658411	0.8834984626	0.8315151515	0.8258977149	0.8082061069	0.8161865569	0.8466003317
3	en	ru	3	0.8910771262	0.8943313154	0.8763238811	0.8363636364	0.8291621328	0.8072519084	0.8148148148	0.8756218905
3	en	zh	3	0.8921773572	0.8928636947	0.8834984626	0.8381818182	0.8269858542	0.820610687	0.8353909465	0.8731343284
3	en	en	3	0.8112003521	0.797651807	0.745131534	0.6733333333	0.6463547334	0.6479007634	0.6858710562	0.7611940299
4	en	ar	3	0.9040598526	0.9051550174	0.898530919	0.86	0.8618063112	0.8520992366	0.8641975309	0.8689883914
4	en	es	3	0.907690615	0.9139607411	0.9026306799	0.8703030303	0.8650707291	0.8606870229	0.8641975309	0.8822553897
4	en	fr	3	0.9073605457	0.9091909741	0.8978476256	0.8733333333	0.8585418934	0.8473282443	0.8765432099	0.8822553897
4	en	ru	3	0.8949279349	0.8924967896	0.8834984626	0.8648484848	0.8563656148	0.8396946565	0.8436213992	0.8781094527
4	en	zh	3	0.8911871493	0.8952485782	0.8951144517	0.8606060606	0.8433079434	0.8492366412	0.8463648834	0.8656716418
4	en	en	3	0.8154912532	0.8226013575	0.8028698326	0.7533333333	0.7431991295	0.7032442748	0.7091906722	0.7786069652
0	ar	en	1	0.7866019417	0.5798707295	0.5614814815	0.5193133047	0.4627285513	0.4264550265	0.4116883117	0.6033851784
1	ar	en	1	0.8613592233	0.7045244691	0.6819753086	0.6652360515	0.6385372714	0.6211640212	0.6025974026	0.7127172919
2	ar	en	1	0.8655016181	0.7204524469	0.6883950617	0.6918454936	0.6596343179	0.6455026455	0.6168831169	0.7223238792
3	ar	en	1	0.8645307443	0.722299169	0.6888888889	0.6858369099	0.6694796062	0.6560846561	0.6415584416	0.7319304666
4	ar	en	1	0.8678964401	0.7354570637	0.7091358025	0.6738197425	0.682137834	0.6518518519	0.6402597403	0.7378774016
0	es	en	1	0.894661485	0.7997247075	0.6903127384	0.6090909091	0.5809018568	0.5900473934	0.5308310992	0.6340482574
1	es	en	1	0.9288197996	0.9026152787	0.8421052632	0.7727272727	0.6896551724	0.6682464455	0.6461126005	0.7171581769
2	es	en	1	0.9292288812	0.9122505162	0.8649885584	0.7890909091	0.6870026525	0.7274881517	0.6487935657	0.735924933
3	es	en	1	0.9365923502	0.9205092911	0.8611746758	0.8254545455	0.7798408488	0.7914691943	0.7158176944	0.7600536193
4	es	en	1	0.9435467376	0.9384033035	0.8985507246	0.8672727273	0.8620689655	0.9075829384	0.8686327078	0.9008042895
0	fr	en	1	0.9063382089	0.8122045552	0.7397379913	0.6294117647	0.620795107	0.6015228426	0.6142433234	0.6971514243
1	fr	en	1	0.930972543	0.9153416416	0.8655021834	0.7921568627	0.7339449541	0.7131979695	0.7151335312	0.7751124438
2	fr	en	1	0.9284064665	0.9093253116	0.880349345	0.8431372549	0.7828746177	0.7360406091	0.7744807122	0.7991004498
3	fr	en	1	0.9340518347	0.9303824667	0.9056768559	0.8529411765	0.8226299694	0.8324873096	0.8100890208	0.832083958
4	fr	en	1	0.9458557865	0.9406961753	0.9318777293	0.868627451	0.8837920489	0.8756345178	0.8931750742	0.8890554723
0	ru	en	1	0.7866828577	0.6674776967	0.6057692308	0.5928449744	0.6341463415	0.5711422846	0.6282722513	0.6666666667
1	ru	en	1	0.8567091682	0.8479318735	0.7788461538	0.7836456559	0.7804878049	0.755511022	0.7539267016	0.7481146305
2	ru	en	1	0.8617688727	0.8532035685	0.8048076923	0.8074957411	0.8319783198	0.7795591182	0.7879581152	0.7963800905
3	ru	en	1	0.8700667881	0.8613138686	0.8067307692	0.800681431	0.8130081301	0.7675350701	0.8010471204	0.8114630468
4	ru	en	1	0.8690548472	0.8698296837	0.8307692308	0.8364565588	0.8672086721	0.8196392786	0.8429319372	0.8446455505
0	zh	en	1	0.6489296636	0.472379969	0.4527777778	0.504	0.4921875	0.4535367545	0.5234248788	0.4868421053
1	zh	en	1	0.7155963303	0.7083118224	0.6777777778	0.6933333333	0.712890625	0.6893203884	0.7253634895	0.6730769231
2	zh	en	1	0.7182466871	0.7145069695	0.7	0.7	0.720703125	0.6907073509	0.746365105	0.6912955466
3	zh	en	1	0.7227319062	0.7480640165	0.7240740741	0.7306666667	0.76171875	0.7142857143	0.7835218094	0.7591093117
4	zh	en	1	0.7300713558	0.7480640165	0.7148148148	0.764	0.76953125	0.7628294036	0.7851373183	0.7813765182
0	ar	en	2	0.7903559871	0.5861034164	0.5624691358	0.5098712446	0.4711673699	0.4412698413	0.4025974026	0.6075022873
1	ar	en	2	0.8576699029	0.7012927054	0.6790123457	0.6721030043	0.6329113924	0.6158730159	0.5909090909	0.7122598353
2	ar	en	2	0.8607119741	0.722299169	0.6834567901	0.6763948498	0.6526019691	0.6412698413	0.625974026	0.7374199451
3	ar	en	2	0.8702265372	0.7266851339	0.6967901235	0.6798283262	0.6596343179	0.6465608466	0.638961039	0.7438243367
4	ar	en	2	0.8663430421	0.7315327793	0.7150617284	0.6918454936	0.6779184248	0.6476190476	0.6337662338	0.7378774016
0	es	en	2	0.8997750051	0.7986923606	0.700228833	0.6	0.5702917772	0.6018957346	0.5388739946	0.6313672922
1	es	en	2	0.9282061771	0.9029593944	0.8436308162	0.78	0.6949602122	0.6706161137	0.6514745308	0.7024128686
2	es	en	2	0.9298425036	0.9026152787	0.8527841342	0.7890909091	0.7029177719	0.7274881517	0.6434316354	0.7158176944
3	es	en	2	0.9382286766	0.9232622161	0.8749046529	0.8309090909	0.774535809	0.8033175355	0.7292225201	0.7707774799
4	es	en	2	0.9423194927	0.9401238816	0.9000762777	0.86	0.8594164456	0.9028436019	0.8659517426	0.8927613941
0	fr	en	2	0.9024890942	0.8023205844	0.7414847162	0.6431372549	0.620795107	0.5989847716	0.6142433234	0.6971514243
1	fr	en	2	0.9296895047	0.9144821659	0.8611353712	0.8019607843	0.7339449541	0.730964467	0.7091988131	0.7781109445
2	fr	en	2	0.9291762895	0.9093253116	0.8777292576	0.8470588235	0.7737003058	0.7461928934	0.7715133531	0.7991004498
3	fr	en	2	0.9368745189	0.9286635153	0.9109170306	0.8568627451	0.8256880734	0.807106599	0.8011869436	0.8260869565
4	fr	en	2	0.9417500642	0.9419853889	0.9336244541	0.8843137255	0.877675841	0.8807106599	0.9050445104	0.8845577211
0	ru	en	2	0.7802064359	0.6755879968	0.6115384615	0.5877342419	0.6341463415	0.5711422846	0.6230366492	0.6666666667
1	ru	en	2	0.8526614046	0.8442822384	0.7817307692	0.7768313458	0.7777777778	0.7354709419	0.7591623037	0.7450980392
2	ru	en	2	0.8650070836	0.8511759935	0.8125	0.8109028961	0.8319783198	0.7775551102	0.7958115183	0.7978883861
3	ru	en	2	0.8706739526	0.8613138686	0.8173076923	0.8074957411	0.8184281843	0.7835671343	0.8010471204	0.814479638
4	ru	en	2	0.8678405181	0.8742903487	0.8336538462	0.8211243612	0.8617886179	0.8216432866	0.8429319372	0.8521870287
0	zh	en	2	0.6485219164	0.4785751162	0.4472222222	0.5053333333	0.5078125	0.4563106796	0.5185783522	0.4858299595
1	zh	en	2	0.7119266055	0.7077955601	0.6740740741	0.6933333333	0.705078125	0.6601941748	0.7285945073	0.6670040486
2	zh	en	2	0.7119266055	0.7201858544	0.7018518519	0.716	0.7109375	0.693481276	0.7479806139	0.6821862348
3	zh	en	2	0.7221202854	0.7434176562	0.7231481481	0.7306666667	0.755859375	0.7226074896	0.7899838449	0.7722672065
4	zh	en	2	0.7317023445	0.7516778523	0.725	0.76	0.76953125	0.7558945908	0.788368336	0.7773279352
0	ar	en	3	0.787961165	0.5835641736	0.5609876543	0.5236051502	0.4739803094	0.4455026455	0.4025974026	0.6148215919
1	ar	en	3	0.8604530744	0.7047553093	0.6809876543	0.6763948498	0.6286919831	0.6285714286	0.5948051948	0.7104300091
2	ar	en	3	0.8634951456	0.7209141274	0.6883950617	0.6738197425	0.6554149086	0.6486772487	0.6298701299	0.7360475755
3	ar	en	3	0.867184466	0.7225300092	0.692345679	0.6763948498	0.6554149086	0.6455026455	0.6363636364	0.7424519671
4	ar	en	3	0.8671197411	0.737534626	0.710617284	0.6901287554	0.6680731364	0.6571428571	0.6428571429	0.736505032
0	es	en	3	0.895684189	0.7900894701	0.6971777269	0.6109090909	0.5941644562	0.5805687204	0.5469168901	0.6300268097
1	es	en	3	0.9320924524	0.9008947006	0.8436308162	0.7636363636	0.6763925729	0.6658767773	0.6595174263	0.7211796247
2	es	en	3	0.9341378605	0.9119064006	0.8527841342	0.7927272727	0.7082228117	0.7274881517	0.6782841823	0.7252010724
3	es	en	3	0.936796891	0.9205092911	0.8665141114	0.8218181818	0.7931034483	0.7938388626	0.7238605898	0.7788203753
4	es	en	3	0.9390468398	0.9415003441	0.8947368421	0.8709090909	0.8541114058	0.9123222749	0.8686327078	0.8954423592
0	fr	en	3	0.9083910701	0.816072196	0.7414847162	0.6509803922	0.6391437309	0.5710659898	0.6350148368	0.6926536732
1	fr	en	3	0.9304593277	0.9088955737	0.8655021834	0.7980392157	0.7737003058	0.7182741117	0.7121661721	0.7676161919
2	fr	en	3	0.9284064665	0.9131929523	0.8663755459	0.8333333333	0.7737003058	0.7461928934	0.7893175074	0.7991004498
3	fr	en	3	0.9355914806	0.9333906317	0.9135371179	0.8470588235	0.8165137615	0.8274111675	0.8130563798	0.8275862069
4	fr	en	3	0.944059533	0.9376880103	0.935371179	0.8921568627	0.874617737	0.8730964467	0.9139465875	0.8980509745
0	ru	en	3	0.7828374823	0.6719383617	0.6076923077	0.5860306644	0.6314363144	0.5691382766	0.6204188482	0.6621417798
1	ru	en	3	0.8552924509	0.8446877534	0.7730769231	0.7717206133	0.7967479675	0.7655310621	0.7434554974	0.754147813
2	ru	en	3	0.8646023072	0.8560421736	0.8105769231	0.8126064736	0.8401084011	0.7835671343	0.8036649215	0.8295625943
3	ru	en	3	0.868852459	0.8600973236	0.8057692308	0.8074957411	0.8346883469	0.7835671343	0.8010471204	0.8205128205
4	ru	en	3	0.866626189	0.8694241687	0.8259615385	0.8330494037	0.8563685637	0.8196392786	0.8429319372	0.8446455505
0	zh	en	3	0.6534148828	0.4827052142	0.4444444444	0.496	0.501953125	0.4535367545	0.5282714055	0.4858299595
1	zh	en	3	0.7094801223	0.7021166753	0.6796296296	0.7013333333	0.69140625	0.6712898752	0.7075928918	0.6558704453
2	zh	en	3	0.7127420999	0.7191533299	0.7009259259	0.712	0.71875	0.6879334258	0.7512116317	0.6801619433
3	zh	en	3	0.723343527	0.7439339184	0.7324074074	0.7373333333	0.755859375	0.7350901526	0.7835218094	0.7651821862
4	zh	en	3	0.7290519878	0.747031492	0.7268518519	0.752	0.77734375	0.7656033287	0.788368336	0.778340081