layer	source	target	run	Clauses	Coordination	FunctionWords	Loose	MWE	ModifierWords	Nominals
2	en	ar	1	0.0496	0.0659	0.006	0.0651	0.0167	0.0148	0.0144
2	en	es	1	0.0096	0.0046	0.0035	0.0637	0.0287	0.0071	0.0108
2	en	fr	1	0.0197	0.0081	0.0044	0.0765	0.0149	0.0072	0.0098
2	en	ru	1	0.0267	0.0464	0.0005	0.0565	0.0031	-0.0077	0.0031
2	en	zh	1	0.0171	0.0475	0.0003	0.0343	0.0133	-0.0007	0.0076
2	en	en	1	-0.0157	0.0192	0.0005	0.1061	0.0316	0.0034	0.0071
3	en	ar	1	0.0548	0.0682	0.0067	0.0507	0.034	0.0085	0.0155
3	en	es	1	0.0293	0.0262	0.008	0.1519	0.0364	0.0171	0.0192
3	en	fr	1	0.044	0.0521	0.0049	0.1513	0.0343	0.0118	0.0149
3	en	ru	1	0.0414	0.0411	0.0072	0.0891	0.0163	0.0066	0.0151
3	en	zh	1	0.0358	0.0589	0.0055	0.095	0.0421	0.0079	0.0162
3	en	en	1	-0.0398	0.0145	0.0065	0.1482	0.0347	-0.0169	-0.0005
4	en	ar	1	0.0746	0.0915	0.0084	0.1245	0.0336	0.0116	0.0253
4	en	es	1	0.0423	0.0428	0.0082	0.1728	0.0491	0.0126	0.0218
4	en	fr	1	0.083	0.0808	0.0088	0.18	0.0577	0.0151	0.0257
4	en	ru	1	0.0618	0.0639	0.0061	0.1345	0.0341	-0.0004	0.019
4	en	zh	1	0.041	0.0629	0.0042	0.1566	0.0508	0.0074	0.0179
4	en	en	1	0.0806	0.0949	0.0056	0.2162	0.0437	-0.0158	0.0321
2	en	ar	2	0.0411	0.0524	0.0019	0.0854	-0.0107	0.0046	0.0086
2	en	es	2	0.0104	0.0098	0.0033	0.0801	0.0149	0.0033	0.0069
2	en	fr	2	0.0232	0.024	0.0037	0.1583	0.0274	0.0147	0.0104
2	en	ru	2	0.0214	0.0474	0.0019	0.1248	-0.003	-0.0049	0.0018
2	en	zh	2	0.031	0.0447	0.0017	0.1724	0.0142	0.0044	0.0087
2	en	en	2	0.0104	0.0206	0.0023	0.1254	0.0399	0.0138	0.0024
3	en	ar	2	0.051	0.07	0.0022	0.0962	0.0107	0.0015	0.0117
3	en	es	2	0.0346	0.0277	0.0074	0.0587	0.0304	0.0089	0.0152
3	en	fr	2	0.0449	0.0683	0.0056	0.1827	0.0516	0.0241	0.019
3	en	ru	2	0.0422	0.0448	0.005	0.1873	0.0302	0.0097	0.0147
3	en	zh	2	0.048	0.0626	0.006	0.249	0.0367	0.0178	0.0145
3	en	en	2	-0.0418	0.0137	0.0083	0.2193	0.0327	-0.0118	-0.0017
4	en	ar	2	0.0635	0.0872	0.0044	0.0993	0.0126	0.0052	0.0195
4	en	es	2	0.0522	0.0519	0.0102	0.1418	0.0347	0.0066	0.019
4	en	fr	2	0.0773	0.0928	0.0082	0.2152	0.0675	0.0265	0.0293
4	en	ru	2	0.0604	0.06	0.0053	0.1623	0.0498	0.007	0.0189
4	en	zh	2	0.045	0.0689	0.0052	0.3135	0.0505	0.0125	0.0197
4	en	en	2	0.0762	0.1009	0.0089	0.2096	0.0549	-0.0064	0.0267
2	en	ar	3	0.0449	0.0453	0.0045	0.1787	0.0082	0.0004	0.0116
2	en	es	3	0.0054	0.0218	0.0022	0.1615	0.0032	0.0062	0.0103
2	en	fr	3	0.0189	0.0102	0.0044	0.0781	0.0169	0.0102	0.0105
2	en	ru	3	0.0259	0.0425	0.0007	0.1494	0.022	0.0015	0.0087
2	en	zh	3	0.0128	0.0419	-0.0006	0.1405	0.0167	-0.0099	0.0009
2	en	en	3	-0.0007	0.0026	0.0033	0.1327	0.0192	-0.0114	0.0019
3	en	ar	3	0.0523	0.0697	0.0051	0.1664	0.0378	0.0038	0.0137
3	en	es	3	0.0264	0.0307	0.0049	0.1202	0.0251	0.0149	0.0171
3	en	fr	3	0.0404	0.0532	0.0043	0.1937	0.038	0.0136	0.0157
3	en	ru	3	0.0397	0.0397	0.0072	0.1723	0.0433	0.0125	0.018
3	en	zh	3	0.034	0.0525	0.0045	0.1205	0.025	0.0087	0.0093
3	en	en	3	-0.0385	0.006	0.0087	0.1691	0.0222	-0.0325	-0.0003
4	en	ar	3	0.0672	0.0848	0.005	0.1906	0.0366	0.0014	0.0209
4	en	es	3	0.0459	0.0507	0.0069	0.2005	0.0334	0.014	0.0225
4	en	fr	3	0.0726	0.0847	0.0085	0.272	0.0551	0.0207	0.0292
4	en	ru	3	0.0631	0.0566	0.0063	0.1601	0.0483	0.0114	0.0206
4	en	zh	3	0.0355	0.0566	0.0039	0.174	0.0414	0.0042	0.015
4	en	en	3	0.0687	0.0975	0.0058	0.3194	0.0309	-0.0346	0.0287
2	ar	en	1	0.0165	0.0043	0.009	0.0222	0.0363	-0.0021	0.0049
3	ar	en	1	0.0193	0.0024	0.0124	0.012	0.0793	0.0063	0.0082
4	ar	en	1	0.0231	0.0039	0.0134	0.0137	0.1046	0.0017	0.0077
2	ar	en	2	0.0226	0.0103	0.0085	0.0289	-0.0163	-0.013	0.0069
3	ar	en	2	0.0178	0.0037	0.0153	0.019	0.0726	0.0016	0.0096
4	ar	en	2	0.0184	0.008	0.0147	0.0184	0.0564	-0.0062	0.0097
2	ar	en	3	0.0161	0.011	0.009	0.0261	0.0062	-0.0067	0.0037
3	ar	en	3	0.0253	0.0039	0.0119	0.0185	0.0864	0.0062	0.0081
4	ar	en	3	0.0257	0.011	0.0171	0.0209	0.1089	0.004	0.0085
2	es	en	1	0.0146	0.017	0.0022	0.0451	-0.0017	0.0098	0.0026
3	es	en	1	0.0232	0.0421	0.0026	-0.0019	0.0331	0.0108	0.0105
4	es	en	1	0.0998	0.1399	0.0054	0.5898	0.0596	0.0215	0.0272
2	es	en	2	0.0058	0.0072	0.0004	0.0672	0.0194	-0.0017	-0.0014
3	es	en	2	0.0371	0.0479	0.004	0.0478	0.0474	0.0163	0.0114
4	es	en	2	0.0973	0.1332	0.0041	0.5654	0.0803	0.0238	0.0246
2	es	en	3	0.0055	0.0036	0.0034	-0.0096	0.0203	0.0024	0.004
3	es	en	3	0.0325	0.0496	0.0033	0.0482	0.0235	0.0102	0.0121
4	es	en	3	0.1006	0.1306	0.0048	0.4886	0.0651	0.0222	0.0298
2	fr	en	1	0.0311	0.0265	0.001	0.0523	-0.0068	0.0004	-0.0002
3	fr	en	1	0.0522	0.0674	0.0033	0.0301	0.0081	0.0233	0.014
4	fr	en	1	0.0918	0.1113	0.0059	0.2139	0.0123	0.0266	0.024
2	fr	en	2	0.0374	0.0321	0.0009	0.0892	0.0102	0.0029	-0.0018
3	fr	en	2	0.0529	0.0648	0.004	-0.0571	0.026	0.0231	0.015
4	fr	en	2	0.0984	0.1063	0.005	0.181	0.0158	0.0243	0.0217
2	fr	en	3	0.0308	0.0359	-0.0009	0.1079	0.0181	0.0039	0.0079
3	fr	en	3	0.0504	0.0722	0.0036	-0.0112	0.0315	0.0233	0.0165
4	fr	en	3	0.09	0.1158	0.006	0.1851	0.0345	0.0287	0.0278
2	ru	en	1	0.0565	0.0327	0.0051	0.1496	0.0128	0.0201	0.0142
3	ru	en	1	0.0669	0.0357	0.006	0.1544	0.0254	0.0232	0.0167
4	ru	en	1	0.0827	0.0831	0.0115	0.2163	0.0389	0.0244	0.0213
2	ru	en	2	0.0716	0.0409	0.0057	0.2382	0.0224	0.0183	0.0162
3	ru	en	2	0.0635	0.0412	0.0063	0.212	0.0413	0.0208	0.0166
4	ru	en	2	0.0998	0.0905	0.0125	0.2956	0.0583	0.0214	0.0249
2	ru	en	3	0.0743	0.0434	0.0026	0.121	0.0166	0.0178	0.0142
3	ru	en	3	0.0642	0.0286	0.006	0.1622	0.0188	0.0186	0.0177
4	ru	en	3	0.0791	0.0783	0.0105	0.1697	0.0215	0.0175	0.0215
2	zh	en	1	0.0031	0.0399	-0.0037		0.04	-0.0403	0.0005
3	zh	en	1	0.0387	0.0657	0.0121		0.0431	-0.0226	0.0113
4	zh	en	1	0.0512	0.0796	0.0091		-0.08	-0.0238	0.0147
2	zh	en	2	0.0143	0.0415	-0.0116		0.018	-0.027	0.0001
3	zh	en	2	0.0639	0.0731	0.0043		0.022	-0.0131	0.0079
4	zh	en	2	0.0749	0.083	0.0096		-0.0586	-0.0177	0.0134
2	zh	en	3	0.0108	0.0357	0.0011		0.0353	-0.0445	0.0051
3	zh	en	3	0.0394	0.072	0.0126		0.0393	-0.0234	0.0142
4	zh	en	3	0.0563	0.0837	0.0162		-0.0413	-0.0272	0.0165