layer	source	target	run	dist1	dist2	dist3	dist4	dist5	dist6-7	dist8-10	dist10-
0	en	ar	1	0.8830926875	0.8011090573	0.7341040462	0.712652439	0.6888331242	0.6751740139	0.6754772394	0.6623067776
0	en	es	1	0.8769445738	0.8001848429	0.7348265896	0.6974085366	0.6938519448	0.6763341067	0.6475770925	0.6623067776
0	en	fr	1	0.870330694	0.8033271719	0.7391618497	0.7004573171	0.6863237139	0.6484918794	0.6607929515	0.6563614744
0	en	ru	1	0.8778761062	0.792051756	0.7272398844	0.7096036585	0.6750313676	0.6728538283	0.6622613803	0.6670630202
0	en	zh	1	0.8747088961	0.7933456562	0.736632948	0.6928353659	0.6775407779	0.6902552204	0.6666666667	0.6730083234
0	en	en	1	0.834187238	0.7419593346	0.6737716763	0.6280487805	0.6047678795	0.5997679814	0.5682819383	0.598097503
1	en	ar	1	0.9543549138	0.9401109057	0.8923410405	0.8696646341	0.8293601004	0.8178654292	0.7944199706	0.7883472057
1	en	es	1	0.9544480671	0.9454713494	0.9147398844	0.8841463415	0.8456712673	0.8515081207	0.8414096916	0.8275862069
1	en	fr	1	0.9468095016	0.9210720887	0.8847543353	0.8696646341	0.8293601004	0.8039443155	0.798825257	0.7502972652
1	en	ru	1	0.9466231952	0.9410351201	0.9064306358	0.8841463415	0.8318695107	0.8248259861	0.825256975	0.8121284185
1	en	zh	1	0.9453190498	0.9391866913	0.9057080925	0.8864329268	0.8406524467	0.8201856148	0.8237885463	0.8192627824
1	en	en	1	0.9098276665	0.8519408503	0.7698699422	0.724847561	0.7089084065	0.6751740139	0.6328928047	0.6599286564
2	en	ar	1	0.9578015836	0.9532347505	0.9349710983	0.9138719512	0.8946047679	0.8932714617	0.8839941263	0.8799048751
2	en	es	1	0.9560316721	0.9510166359	0.9313583815	0.90625	0.878293601	0.879350348	0.872246696	0.8644470868
2	en	fr	1	0.9535165347	0.9515711645	0.9172687861	0.9070121951	0.8795483061	0.86774942	0.8707782673	0.8442330559
2	en	ru	1	0.9424312995	0.9382624769	0.9248554913	0.90625	0.8619824341	0.8770301624	0.8707782673	0.8680142687
2	en	zh	1	0.9417792268	0.9384473198	0.9226878613	0.9077743902	0.8770388959	0.8770301624	0.8957415565	0.8810939358
2	en	en	1	0.9134606428	0.8693160813	0.8031069364	0.7660060976	0.7252195734	0.6995359629	0.6475770925	0.677764566
3	en	ar	1	0.9618071728	0.9580406654	0.9461705202	0.9275914634	0.8983688833	0.9060324826	0.8957415565	0.8858501784
3	en	es	1	0.9621797857	0.958780037	0.9458092486	0.9321646341	0.8883312422	0.909512761	0.8883994126	0.8929845422
3	en	fr	1	0.960316721	0.958780037	0.9375	0.9199695122	0.8946047679	0.8897911833	0.9001468429	0.8739595719
3	en	ru	1	0.9524918491	0.9532347505	0.9378612717	0.9321646341	0.9033877039	0.8932714617	0.8972099853	0.8917954816
3	en	zh	1	0.9541686074	0.9530499076	0.9396676301	0.9352134146	0.9146800502	0.9153132251	0.8972099853	0.8917954816
3	en	en	1	0.9018164881	0.8926062847	0.8475433526	0.8384146341	0.78293601	0.7900232019	0.7665198238	0.7788347206
4	en	ar	1	0.9630181649	0.9645101664	0.9559248555	0.9458841463	0.9222082811	0.9211136891	0.919236417	0.8977407848
4	en	es	1	0.9652538426	0.9637707948	0.9544797688	0.949695122	0.9297365119	0.9489559165	0.9118942731	0.903686088
4	en	fr	1	0.9636702375	0.9687615527	0.9512283237	0.9458841463	0.9284818068	0.9234338747	0.9441997063	0.9024970273
4	en	ru	1	0.9530507685	0.9552680222	0.9414739884	0.9336890244	0.9196988708	0.9199535963	0.9074889868	0.8894173603
4	en	zh	1	0.9517466232	0.9598890943	0.9454479769	0.9474085366	0.9322459222	0.9245939675	0.9133627019	0.8656361474
4	en	en	1	0.913181183	0.9118299445	0.901734104	0.8849085366	0.8381430364	0.8306264501	0.7958883994	0.7883472057
0	en	ar	2	0.8843036796	0.8027726433	0.7301300578	0.6974085366	0.7114178168	0.6798143852	0.657856094	0.6551724138
0	en	es	2	0.8735910573	0.8014787431	0.7304913295	0.6958841463	0.6875784191	0.6728538283	0.6725403818	0.6551724138
0	en	fr	2	0.8766651141	0.7953789279	0.7312138728	0.6989329268	0.6925972396	0.656612529	0.6563876652	0.6682520809
0	en	ru	2	0.8715416861	0.7970425139	0.7283236994	0.7057926829	0.6875784191	0.6635730858	0.6637298091	0.6694411415
0	en	zh	2	0.8757335817	0.8029574861	0.7351878613	0.7019817073	0.6888331242	0.6705336427	0.6798825257	0.6694411415
0	en	en	2	0.8347461574	0.7534195933	0.675216763	0.637195122	0.6135508156	0.5846867749	0.5741556535	0.6016646849
1	en	ar	2	0.9537028412	0.941219963	0.8923410405	0.8635670732	0.8281053952	0.8167053364	0.7753303965	0.7764565993
1	en	es	2	0.9547275268	0.9521256932	0.9223265896	0.8772865854	0.851944793	0.8515081207	0.825256975	0.8156956005
1	en	fr	2	0.9507219376	0.9304990758	0.8966763006	0.8635670732	0.8331242158	0.8039443155	0.798825257	0.7621878716
1	en	ru	2	0.9468095016	0.9417744917	0.9024566474	0.8841463415	0.8356336261	0.8306264501	0.8076358297	0.8109393579
1	en	zh	2	0.9452258966	0.9399260628	0.9096820809	0.8963414634	0.8544542033	0.8225058005	0.8281938326	0.8168846611
1	en	en	2	0.9097345133	0.8521256932	0.7727601156	0.7271341463	0.6800501882	0.6705336427	0.6299559471	0.6480380499
2	en	ar	2	0.958360503	0.9548983364	0.9389450867	0.9077743902	0.8895859473	0.8851508121	0.872246696	0.8810939358
2	en	es	2	0.958360503	0.9517560074	0.9313583815	0.9092987805	0.8845671267	0.8758700696	0.8693098385	0.853745541
2	en	fr	2	0.955193293	0.9499075786	0.9187138728	0.912347561	0.8820577164	0.8665893271	0.8693098385	0.8442330559
2	en	ru	2	0.9415929204	0.9441774492	0.924132948	0.9016768293	0.8657465496	0.8944315545	0.8781204112	0.8751486326
2	en	zh	2	0.9432696786	0.9358595194	0.9205202312	0.8971036585	0.878293601	0.8816705336	0.8913362702	0.8965517241
2	en	en	2	0.9133674895	0.8674676525	0.7969653179	0.7553353659	0.7202007528	0.692575406	0.6813509545	0.677764566
3	en	ar	2	0.9590125757	0.958780037	0.9447254335	0.9192073171	0.904642409	0.9013921114	0.8913362702	0.8739595719
3	en	es	2	0.9593851886	0.957116451	0.9472543353	0.9298780488	0.9058971142	0.9025522042	0.8869309838	0.8882282996
3	en	fr	2	0.9602235678	0.957116451	0.9382225434	0.925304878	0.8996235885	0.8909512761	0.8898678414	0.8810939358
3	en	ru	2	0.9566837448	0.950831793	0.9349710983	0.9321646341	0.8946047679	0.909512761	0.8898678414	0.8965517241
3	en	zh	2	0.953237075	0.9569316081	0.9421965318	0.9344512195	0.9033877039	0.9129930394	0.8957415565	0.8846611177
3	en	en	2	0.9040521658	0.8876155268	0.8500722543	0.8384146341	0.7942283563	0.7911832947	0.7694566814	0.7776456599
4	en	ar	2	0.9624592455	0.9659889094	0.9533959538	0.9443597561	0.9309912171	0.9083526682	0.9221732746	0.8929845422
4	en	es	2	0.9647880764	0.9652495379	0.9580924855	0.9512195122	0.9272271016	0.9512761021	0.919236417	0.9024970273
4	en	fr	2	0.9631113181	0.9683918669	0.9566473988	0.9512195122	0.9335006274	0.9327146172	0.9383259912	0.9131985731
4	en	ru	2	0.9550069865	0.9569316081	0.9411127168	0.9390243902	0.9247176913	0.9164733179	0.9104258443	0.8882282996
4	en	zh	2	0.9521192361	0.9556377079	0.9465317919	0.9420731707	0.9259723965	0.9292343387	0.9089574156	0.87039239
4	en	en	2	0.9110386586	0.9133086876	0.8923410405	0.8826219512	0.843161857	0.8283062645	0.8061674009	0.790725327
0	en	ar	3	0.875826735	0.8012939002	0.7420520231	0.7042682927	0.6875784191	0.6647331787	0.6740088106	0.6361474435
0	en	es	3	0.8802049371	0.7966728281	0.7315751445	0.6974085366	0.7038895859	0.6844547564	0.6490455213	0.6718192628
0	en	fr	3	0.8746157429	0.8057301294	0.7294075145	0.7073170732	0.6925972396	0.6589327146	0.6622613803	0.6741973841
0	en	ru	3	0.8749883558	0.787245841	0.7225433526	0.6966463415	0.6925972396	0.6682134571	0.6563876652	0.6623067776
0	en	zh	3	0.8770377271	0.8007393715	0.7380780347	0.7012195122	0.6850690088	0.6716937355	0.6666666667	0.6563614744
0	en	en	3	0.8392175128	0.7473197782	0.6705202312	0.6463414634	0.6135508156	0.5870069606	0.5668135095	0.5850178359
1	en	ar	3	0.9557522124	0.9417744917	0.8901734104	0.8704268293	0.8331242158	0.8236658933	0.7738619677	0.7788347206
1	en	es	3	0.9537028412	0.947689464	0.9194364162	0.8971036585	0.8506900878	0.8410672854	0.8208516887	0.8287752675
1	en	fr	3	0.9506287844	0.9288354898	0.8865606936	0.8673780488	0.8406524467	0.819025522	0.7958883994	0.7586206897
1	en	ru	3	0.947741034	0.9367837338	0.900650289	0.8704268293	0.8368883312	0.8329466357	0.8149779736	0.8145065398
1	en	zh	3	0.9458779693	0.93974122	0.9060693642	0.8772865854	0.843161857	0.8155452436	0.8267254038	0.824019025
1	en	en	3	0.9107591989	0.8547134935	0.7666184971	0.7362804878	0.6988707654	0.6774941995	0.6343612335	0.6551724138
2	en	ar	3	0.9573358174	0.9541589649	0.9356936416	0.9108231707	0.887076537	0.8886310905	0.872246696	0.8834720571
2	en	es	3	0.9594783419	0.9524953789	0.9320809249	0.912347561	0.8845671267	0.8828306265	0.8781204112	0.8620689655
2	en	fr	3	0.9577084304	0.9512014787	0.9194364162	0.9054878049	0.8908406524	0.8805104408	0.8575624082	0.8454221165
2	en	ru	3	0.9454122031	0.9406654344	0.9161849711	0.9085365854	0.8506900878	0.873549884	0.8751835536	0.8680142687
2	en	zh	3	0.9433628319	0.9395563771	0.9216040462	0.9108231707	0.8770388959	0.8863109049	0.8898678414	0.8941736029
2	en	en	3	0.9160689334	0.8707948244	0.8027456647	0.7614329268	0.7189460477	0.6914153132	0.6754772394	0.661117717
3	en	ar	3	0.9617140196	0.9574861368	0.9436416185	0.931402439	0.8971141782	0.9025522042	0.8825256975	0.8727705113
3	en	es	3	0.9604098742	0.9580406654	0.9458092486	0.9336890244	0.8971141782	0.903712297	0.8972099853	0.8834720571
3	en	fr	3	0.9610619469	0.9585951941	0.9393063584	0.9192073171	0.8996235885	0.8944315545	0.8972099853	0.8668252081
3	en	ru	3	0.9537028412	0.9578558226	0.9389450867	0.9268292683	0.9021329987	0.9002320186	0.8942731278	0.8941736029
3	en	zh	3	0.9544480671	0.9530499076	0.9382225434	0.9367378049	0.9008782936	0.9153132251	0.8972099853	0.8906064209
3	en	en	3	0.9042384723	0.8896487985	0.851517341	0.8399390244	0.7892095358	0.7911832947	0.7591776799	0.774078478
4	en	ar	3	0.961900326	0.9658040665	0.9573699422	0.9535060976	0.9234629862	0.9257540603	0.9324522761	0.8965517241
4	en	es	3	0.9632976246	0.9646950092	0.9523121387	0.9504573171	0.9297365119	0.9477958237	0.9177679883	0.8989298454
4	en	fr	3	0.9648812296	0.9665434381	0.9570086705	0.9504573171	0.9335006274	0.9269141531	0.9412628488	0.9108204518
4	en	ru	3	0.9535165347	0.9578558226	0.9389450867	0.9352134146	0.9222082811	0.9129930394	0.9074889868	0.8822829964
4	en	zh	3	0.9537028412	0.9591497227	0.9476156069	0.9428353659	0.9222082811	0.9303944316	0.9221732746	0.8632580262
4	en	en	3	0.9153237075	0.9171903882	0.8919797688	0.8833841463	0.8331242158	0.8352668213	0.8032305433	0.7835909631