layer	source	target	run	acl	advcl	advmod	amod	appos	aux	case	cc	ccomp	clf	compound	conj	cop	csubj	dep	det	discourse	dislocated	expl	fixed	flat	goeswith	iobj	list	mark	nmod	nsubj	nummod	obj	obl	orphan	parataxis	reparandum	vocative	xcomp
0	en	ar	1	0.5902	0.3594	0.825	0.7692	0.2767	0.8661	0.9268	0.9652	0.5508		0.5262	0.2805	0.8489	0.1143	0	0.9711	0.538		0.8067	0.9524	0.5737	0	0.5484	0.1309	0.8366	0.6153	0.7311	0.7804	0.5869	0.4702	0	0.0093	0	0	0.5875
0	en	es	1	0.5869	0.3324	0.8038	0.7748	0.22	0.8637	0.9246	0.959	0.5164		0.5039	0.3028	0.8297	0.129	0	0.9729	0.5434		0.8376	0.9524	0.5698	0	0.5538	0.0522	0.8268	0.6235	0.7237	0.7783	0.5734	0.4869	0	0.0097	0	0.0909	0.6003
0	en	fr	1	0.5646	0.3224	0.822	0.7773	0.2588	0.8573	0.9264	0.9549	0.5488		0.5303	0.3213	0.8584	0.1176	0	0.9743	0.5682		0.813	0.9524	0.6089	0	0.5085	0.0827	0.8276	0.6113	0.7232	0.7855	0.5788	0.4812	0	0	0	0.2609	0.5886
0	en	ru	1	0.6051	0.3329	0.813	0.7588	0.211	0.8564	0.9238	0.9656	0.5139		0.5361	0.2909	0.8579	0.0667	0	0.9704	0.5682		0.7874	0.9375	0.573	0	0.6087	0.0752	0.8249	0.612	0.7225	0.755	0.5687	0.481	0	0.0095	0	0.1818	0.5852
0	en	zh	1	0.5889	0.3304	0.7916	0.764	0.1416	0.864	0.9244	0.9651	0.5179		0.4995	0.2843	0.8504	0.1667	0	0.9717	0.565		0.8276	0.9524	0.5336	0	0.5	0.0386	0.8337	0.6265	0.7308	0.7687	0.5657	0.4751	0	0.0097	0	0.1739	0.5829
0	en	en	1	0.3951	0.2323	0.7625	0.6658	0.1706	0.8205	0.903	0.9628	0.479		0.4461	0.1999	0.7996	0.0741	0	0.9681	0.5434		0.7857	0.9524	0.426	0	0.5424	0.031	0.7727	0.5372	0.6846	0.7213	0.4829	0.3827	0	0	0	0.0952	0.5347
1	en	ar	1	0.786	0.6145	0.8731	0.834	0.4516	0.9412	0.9609	0.9658	0.6923		0.7596	0.6878	0.9197	0.2667	0	0.9866	0.6022		0.8908	0.9677	0.7435	0.0833	0.6452	0.6308	0.9371	0.833	0.9047	0.7763	0.8401	0.7753	0	0.1895	0	0.4516	0.7754
1	en	es	1	0.8131	0.663	0.8724	0.8335	0.4591	0.9384	0.9585	0.9663	0.6923		0.7641	0.7866	0.9143	0.4571	0	0.9874	0.5287		0.8547	0.9677	0.7261	0.0909	0.6667	0.5222	0.9339	0.8527	0.9153	0.7884	0.8613	0.7962	0	0.2867	0	0.2609	0.7806
1	en	fr	1	0.7656	0.573	0.874	0.8333	0.3905	0.9376	0.9554	0.9629	0.6512		0.7442	0.7125	0.9142	0.1143	0	0.9906	0.5618		0.8837	0.9672	0.7299	0.0645	0.85	0.5247	0.9349	0.8175	0.8997	0.8146	0.8124	0.7311	0	0.1825	0	0.25	0.744
1	en	ru	1	0.7849	0.6631	0.862	0.8153	0.4684	0.9252	0.9534	0.9677	0.6737		0.748	0.7323	0.906	0.4	0	0.9857	0.5922		0.8092	0.9524	0.725	0.2857	0.6857	0.5995	0.9145	0.8503	0.9097	0.8063	0.8473	0.7882	0	0.1446	0	0.2609	0.7697
1	en	zh	1	0.795	0.6431	0.8557	0.8117	0.48	0.9332	0.9549	0.9603	0.702		0.7335	0.7452	0.9154	0.5	0	0.9842	0.5989		0.848	0.9587	0.6844	0.2222	0.6364	0.5784	0.9281	0.8479	0.919	0.7972	0.847	0.8059	0	0.2366	0	0.32	0.7634
1	en	en	1	0.4952	0.338	0.7915	0.7122	0.2766	0.8763	0.9234	0.9645	0.4989		0.6328	0.533	0.8221	0.0714	0	0.9774	0.5294		0.8205	0.9593	0.5669	0	0.6667	0.3916	0.8413	0.6702	0.7815	0.7348	0.6629	0.533	0	0.0452	0	0.0952	0.6337
2	en	ar	1	0.8492	0.7041	0.8844	0.8513	0.5417	0.9517	0.9667	0.9685	0.7532		0.7881	0.8081	0.9311	0.4444	0	0.9876	0.6667		0.8217	0.96	0.7514	0.3478	0.6667	0.6146	0.9493	0.8755	0.9412	0.8067	0.88	0.8406	0	0.3402	0	0.4828	0.7858
2	en	es	1	0.8284	0.7088	0.8802	0.843	0.5243	0.9379	0.9631	0.961	0.742		0.79	0.8014	0.9225	0.2857	0	0.9863	0.625		0.8689	0.9677	0.7826	0.1818	0.7324	0.5924	0.9454	0.877	0.9365	0.8185	0.8862	0.8292	0	0.3203	0	0.4	0.7982
2	en	fr	1	0.8138	0.6064	0.8835	0.8392	0.4082	0.9487	0.9625	0.9658	0.7328		0.7617	0.7292	0.9263	0.2632	0	0.989	0.6042		0.848	0.96	0.7532	0.3333	0.7714	0.613	0.9467	0.8493	0.9256	0.8286	0.8531	0.8046	0	0.2313	0	0.25	0.7904
2	en	ru	1	0.7924	0.6986	0.8501	0.8129	0.4417	0.9354	0.9484	0.9638	0.7172		0.7581	0.8251	0.9117	0.3529	0	0.9811	0.6		0.8448	0.9194	0.7134	0.2609	0.6765	0.5623	0.92	0.8513	0.9249	0.8065	0.8456	0.7944	0	0.3636	0	0.4	0.757
2	en	zh	1	0.813	0.7231	0.8477	0.8082	0.4888	0.9386	0.9472	0.9664	0.774		0.7524	0.8301	0.9083	0.4737	0	0.9777	0.5568		0.8926	0.9091	0.712	0.25	0.6197	0.5376	0.9356	0.8386	0.9319	0.8134	0.8624	0.8033	0	0.375	0	0.4	0.744
2	en	en	1	0.4444	0.3155	0.7706	0.7218	0.2748	0.8752	0.9242	0.967	0.5051		0.6617	0.5629	0.8149	0	0	0.9798	0.5412		0.8197	0.96	0.6125	0	0.5667	0.4654	0.8411	0.6655	0.8107	0.7625	0.6967	0.5706	0	0.0695	0	0.2609	0.6205
3	en	ar	1	0.8229	0.7087	0.886	0.8444	0.5602	0.9449	0.9716	0.9664	0.7548		0.7968	0.8172	0.9236	0.4865	0	0.9877	0.6425		0.8413	0.9524	0.8073	0.2667	0.7397	0.6238	0.9496	0.8821	0.9458	0.8517	0.883	0.8411	0	0.2756	0	0.4828	0.8012
3	en	es	1	0.8538	0.7392	0.8932	0.8535	0.5651	0.9525	0.9708	0.9705	0.7586		0.7931	0.8334	0.9317	0.4	0	0.9882	0.65		0.873	0.9756	0.7978	0.1579	0.697	0.6667	0.9569	0.8856	0.9436	0.8148	0.8988	0.8379	0	0.3894	0	0.3704	0.8169
3	en	fr	1	0.8336	0.6859	0.8868	0.8476	0.4975	0.9477	0.9648	0.9609	0.7468		0.7733	0.8139	0.9261	0.3333	0	0.9885	0.6283		0.8571	0.9524	0.8147	0.1905	0.7536	0.6276	0.9488	0.8708	0.9381	0.8294	0.8679	0.8259	0	0.3436	0	0.3333	0.8075
3	en	ru	1	0.8038	0.7177	0.8772	0.8197	0.4869	0.9466	0.9623	0.968	0.7527		0.7599	0.8163	0.9227	0.3333	0	0.9857	0.631		0.8525	0.9606	0.7652	0.2581	0.6377	0.6635	0.9461	0.8657	0.937	0.8315	0.8633	0.8126	0	0.3557	0	0.3571	0.7988
3	en	zh	1	0.8243	0.7107	0.8708	0.805	0.4966	0.9421	0.966	0.9717	0.7544		0.7698	0.8458	0.9156	0.4615	0	0.9822	0.5967		0.8644	0.9683	0.8008	0.3226	0.6667	0.6423	0.9499	0.8766	0.9404	0.8536	0.8881	0.8226	0	0.3694	0	0.4	0.7814
3	en	en	1	0.4161	0.3982	0.7522	0.6855	0.2468	0.8765	0.9218	0.9597	0.527		0.6708	0.5722	0.8147	0	0	0.977	0.5227		0.8034	0.8657	0.6174	0.1053	0.6	0.5147	0.8437	0.6686	0.8458	0.7227	0.7435	0.5861	0	0.1353	0	0.2609	0.587
4	en	ar	1	0.8606	0.7836	0.8865	0.8511	0.5983	0.9533	0.9723	0.9725	0.7775		0.7989	0.8557	0.935	0.4211	0	0.9892	0.6321		0.8976	0.9756	0.7926	0.2105	0.7273	0.7179	0.9567	0.9	0.9544	0.8587	0.9053	0.8677	0	0.3673	0	0.5714	0.8386
4	en	es	1	0.865	0.7438	0.8811	0.8558	0.562	0.9563	0.9704	0.967	0.7865		0.8048	0.8676	0.9365	0.4211	0	0.9882	0.6344		0.9008	0.9524	0.8308	0.1481	0.75	0.7038	0.9535	0.9045	0.9516	0.8628	0.9171	0.8571	0	0.4144	0	0.4828	0.8292
4	en	fr	1	0.8639	0.7638	0.8828	0.8505	0.5213	0.9563	0.9698	0.9663	0.7883		0.8041	0.8629	0.9357	0.3333	0	0.9897	0.6129		0.8548	0.9677	0.8039	0	0.7848	0.6667	0.952	0.8996	0.9469	0.8642	0.9092	0.8594	0	0.4211	0	0.3333	0.8235
4	en	ru	1	0.8253	0.7661	0.8505	0.8253	0.5606	0.9347	0.9673	0.9657	0.7588		0.7834	0.8586	0.9134	0.1935	0	0.9839	0.6211		0.8413	0.95	0.7736	0.2222	0.7671	0.6756	0.9437	0.8813	0.9432	0.8375	0.8992	0.8234	0	0.4492	0	0.5161	0.7932
4	en	zh	1	0.8204	0.7328	0.8557	0.8117	0.5275	0.9417	0.9621	0.9704	0.7884		0.7793	0.855	0.9099	0.1818	0	0.9818	0.6186		0.875	0.9756	0.7992	0.25	0.7397	0.6889	0.9523	0.881	0.942	0.8321	0.8736	0.8349	0	0.4375	0	0.5714	0.7914
4	en	en	1	0.5652	0.4817	0.748	0.6886	0.4422	0.8905	0.9349	0.9608	0.5774		0.6648	0.7154	0.8436	0.1481	0	0.9744	0.5622		0.7934	0.9412	0.6741	0.2222	0.6957	0.6067	0.8714	0.7618	0.8799	0.7152	0.7949	0.6599	0	0.2286	0	0.3846	0.6568
0	en	ar	2	0.5896	0.3262	0.8022	0.774	0.232	0.8542	0.9266	0.9671	0.5221		0.5031	0.2999	0.83	0.1765	0	0.9688	0.515		0.8348	0.916	0.5298	0	0.5333	0.0313	0.8312	0.6098	0.7198	0.78	0.5844	0.4698	0	0	0	0.2609	0.5858
0	en	es	2	0.5867	0.3046	0.8197	0.7763	0.2562	0.8594	0.9248	0.9596	0.5292		0.5244	0.3048	0.851	0.1212	0	0.9728	0.5549		0.813	0.9524	0.5523	0	0.5484	0.0727	0.8302	0.6326	0.7309	0.7702	0.5731	0.4717	0	0.0098	0	0.0909	0.5971
0	en	fr	2	0.578	0.3061	0.8142	0.7737	0.2857	0.8665	0.9265	0.9638	0.5196		0.5015	0.3063	0.847	0.069	0	0.9707	0.5667		0.8333	0.9449	0.5945	0	0.5079	0.1367	0.8299	0.6083	0.731	0.781	0.5879	0.4624	0	0	0	0.0909	0.5817
0	en	ru	2	0.605	0.2983	0.8148	0.7573	0.251	0.855	0.9286	0.9629	0.5072		0.5317	0.308	0.846	0.1622	0	0.9705	0.5349		0.7966	0.9449	0.5649	0	0.4727	0.0902	0.8326	0.6225	0.7282	0.7607	0.5753	0.4656	0	0.0095	0	0	0.5659
0	en	zh	2	0.5935	0.3676	0.8034	0.7631	0.2087	0.8612	0.9247	0.959	0.4978		0.5188	0.2875	0.8489	0.1935	0	0.9694	0.5393		0.8142	0.9524	0.5672	0	0.6032	0.0391	0.8361	0.6231	0.7333	0.7754	0.5822	0.4912	0	0.0097	0	0.0909	0.5931
0	en	en	2	0.3825	0.2975	0.7599	0.6786	0.1847	0.8184	0.9005	0.9596	0.4754		0.4381	0.1877	0.7973	0.1429	0	0.9656	0.5549		0.8174	0.9524	0.4361	0.1053	0.5714	0.0534	0.7796	0.5375	0.6952	0.721	0.4889	0.3789	0	0	0	0.0909	0.538
1	en	ar	2	0.7851	0.5968	0.876	0.838	0.4656	0.9382	0.9661	0.9678	0.6863		0.7718	0.6928	0.9173	0.45	0	0.9871	0.6211		0.8644	0.9672	0.7378	0.0952	0.7429	0.6193	0.9452	0.8497	0.8994	0.8227	0.844	0.7717	0	0.1224	0	0.3333	0.7784
1	en	es	2	0.806	0.6738	0.8761	0.8465	0.4923	0.9449	0.9562	0.9649	0.6856		0.7725	0.774	0.9183	0.5263	0	0.9863	0.5792		0.8413	0.9672	0.7366	0.1818	0.6471	0.6176	0.9232	0.8576	0.923	0.8042	0.8548	0.8046	0	0.2966	0	0.3846	0.7568
1	en	fr	2	0.7609	0.5688	0.8574	0.8222	0.3537	0.9371	0.958	0.963	0.668		0.727	0.6999	0.9173	0.129	0	0.9877	0.538		0.8889	0.9672	0.7013	0.2143	0.7778	0.4958	0.9315	0.8156	0.893	0.8048	0.7967	0.7193	0	0.1417	0	0.1739	0.7581
1	en	ru	2	0.7707	0.6427	0.8604	0.8148	0.4591	0.9275	0.9538	0.9664	0.6549		0.7476	0.7363	0.9125	0.2927	0	0.9868	0.6129		0.8618	0.96	0.6865	0.1429	0.6364	0.5246	0.9162	0.841	0.9112	0.795	0.8348	0.79	0	0.1606	0	0.2609	0.754
1	en	zh	2	0.8032	0.6444	0.8538	0.8054	0.4654	0.9321	0.9531	0.9698	0.6603		0.7423	0.7415	0.9138	0.3889	0	0.9841	0.5763		0.8739	0.9752	0.6691	0.2353	0.6571	0.3727	0.9254	0.831	0.9183	0.7923	0.8516	0.7929	0	0.2134	0	0.2609	0.7472
1	en	en	2	0.4774	0.35	0.7806	0.7054	0.3464	0.8681	0.9194	0.9609	0.5044		0.6302	0.5234	0.8282	0.069	0	0.9764	0.5465		0.768	0.9587	0.5489	0	0.5763	0.3323	0.8472	0.6776	0.784	0.7214	0.653	0.5355	0	0.0381	0	0.0952	0.6505
2	en	ar	2	0.8246	0.6943	0.8796	0.8472	0.5029	0.9464	0.9648	0.967	0.7427		0.7675	0.7916	0.9278	0.3636	0	0.9868	0.602		0.8413	0.9839	0.7384	0.3429	0.5574	0.6238	0.9444	0.8743	0.9396	0.8061	0.8743	0.8379	0	0.3344	0	0.25	0.7919
2	en	es	2	0.817	0.6856	0.8728	0.8482	0.5097	0.9345	0.9603	0.9651	0.7146		0.7875	0.7946	0.9131	0.3226	0	0.9879	0.6224		0.8722	0.9508	0.7587	0.2609	0.7429	0.7015	0.9458	0.8755	0.9304	0.7904	0.868	0.8162	0	0.3918	0	0.4	0.775
2	en	fr	2	0.8016	0.6188	0.8779	0.8363	0.4394	0.9539	0.963	0.9665	0.7349		0.7585	0.7404	0.9377	0.2162	0	0.9884	0.6082		0.8438	0.9677	0.7571	0.24	0.7647	0.6592	0.9393	0.8509	0.9235	0.8299	0.8573	0.8002	0	0.1873	0	0.2609	0.7798
2	en	ru	2	0.7887	0.6713	0.8608	0.7946	0.4545	0.9332	0.9558	0.9692	0.7069		0.739	0.8232	0.908	0.2778	0	0.9809	0.6533		0.8235	0.928	0.7348	0.4	0.64	0.5781	0.9282	0.8479	0.9226	0.7825	0.8432	0.7969	0	0.3676	0	0.2609	0.7486
2	en	zh	2	0.8315	0.7147	0.8445	0.8128	0.535	0.9358	0.9486	0.9657	0.7495		0.7627	0.8252	0.9084	0.5	0	0.9785	0.5778		0.8348	0.8852	0.6941	0.3226	0.5902	0.5348	0.928	0.8434	0.9269	0.7951	0.8576	0.8082	0	0.356	0	0.2609	0.7422
2	en	en	2	0.4759	0.3165	0.7859	0.7165	0.2981	0.8826	0.9161	0.9616	0.531		0.6706	0.5659	0.821	0	0	0.9791	0.5698		0.8305	0.9365	0.5918	0	0.5424	0.4852	0.8409	0.6838	0.8129	0.7283	0.7013	0.5655	0	0.0726	0	0.24	0.6381
3	en	ar	2	0.8322	0.7028	0.8788	0.8464	0.545	0.9484	0.9672	0.9658	0.7532		0.7854	0.8237	0.9231	0.3333	0	0.9852	0.6351		0.8548	0.9524	0.7816	0.32	0.623	0.6761	0.9462	0.8765	0.941	0.8491	0.8757	0.8303	0	0.3279	0	0.4286	0.8158
3	en	es	2	0.8456	0.7234	0.8854	0.8501	0.5257	0.9474	0.9675	0.9698	0.748		0.7989	0.8244	0.9299	0.4091	0	0.9895	0.6425		0.8485	0.9836	0.7848	0.1935	0.7123	0.6127	0.955	0.8856	0.9425	0.819	0.8953	0.8512	0	0.3668	0	0.3333	0.8076
3	en	fr	2	0.8249	0.6685	0.8915	0.8393	0.5161	0.9505	0.9643	0.9656	0.7293		0.781	0.8255	0.9358	0.303	0	0.989	0.612		0.8788	0.9677	0.8105	0.3333	0.7945	0.5553	0.9508	0.879	0.9391	0.8373	0.8701	0.8292	0	0.3283	0	0.2609	0.8
3	en	ru	2	0.8043	0.6987	0.8767	0.821	0.4668	0.9445	0.9618	0.9645	0.7651		0.7734	0.8214	0.9159	0.359	0	0.9842	0.6702		0.8618	0.9672	0.7515	0.4848	0.7105	0.6729	0.9422	0.8554	0.9362	0.8382	0.8742	0.8181	0	0.411	0	0.3077	0.7902
3	en	zh	2	0.8166	0.7233	0.8697	0.8104	0.4717	0.9432	0.9637	0.9697	0.7398		0.7686	0.8522	0.9142	0.3684	0	0.9796	0.6566		0.871	0.9839	0.8032	0.3571	0.6866	0.544	0.9476	0.8686	0.9403	0.8429	0.8812	0.8253	0	0.3854	0	0.4	0.7982
3	en	en	2	0.4156	0.3898	0.7417	0.6821	0.2109	0.8803	0.9234	0.9609	0.4968		0.6552	0.5657	0.8081	0.0769	0	0.9756	0.5233		0.7937	0.9593	0.6488	0.2857	0.6	0.5431	0.8486	0.6904	0.8405	0.7515	0.7416	0.5926	0	0.1095	0	0.2609	0.6119
4	en	ar	2	0.8358	0.7732	0.8784	0.8534	0.5628	0.9463	0.9693	0.9732	0.7983		0.7893	0.8511	0.9269	0.4737	0	0.989	0.6138		0.8819	0.9524	0.754	0.2222	0.7353	0.6585	0.9462	0.8883	0.9493	0.8603	0.9029	0.8597	0	0.3937	0	0.4286	0.8247
4	en	es	2	0.8624	0.7583	0.8768	0.86	0.5899	0.9523	0.9716	0.9691	0.8095		0.796	0.8693	0.9368	0.4211	0	0.9903	0.6408		0.9023	0.9677	0.8308	0.08	0.6757	0.7356	0.9543	0.896	0.9493	0.855	0.9121	0.8644	0	0.4558	0	0.5185	0.8314
4	en	fr	2	0.8654	0.7551	0.8875	0.8512	0.5211	0.9578	0.97	0.9669	0.7824		0.8055	0.8699	0.9435	0.2632	0	0.9892	0.5907		0.8455	0.9593	0.7938	0	0.7733	0.6291	0.9529	0.8985	0.9514	0.8651	0.9113	0.8637	0	0.4438	0	0.4615	0.8235
4	en	ru	2	0.8304	0.7674	0.8541	0.8265	0.546	0.9351	0.9667	0.9642	0.7648		0.7945	0.8505	0.906	0.3158	0	0.9863	0.6289		0.8504	0.9431	0.7861	0.1714	0.7353	0.6139	0.9425	0.8788	0.9435	0.8258	0.8982	0.8242	0	0.4686	0	0.5	0.7941
4	en	zh	2	0.8286	0.7346	0.8515	0.8214	0.5644	0.9369	0.9632	0.9746	0.8088		0.7808	0.8606	0.9079	0.2857	0	0.985	0.6042		0.873	0.9683	0.8107	0.2727	0.7222	0.7018	0.9458	0.8799	0.9423	0.8376	0.8748	0.8391	0	0.4444	0	0.4615	0.7802
4	en	en	2	0.5543	0.427	0.7575	0.6888	0.4216	0.8855	0.9285	0.9634	0.5585		0.6748	0.7133	0.8332	0.0769	0	0.9732	0.5838		0.8346	0.918	0.6781	0.24	0.7671	0.5661	0.8601	0.7522	0.8732	0.714	0.7902	0.6631	0	0.1544	0	0.4	0.6273
0	en	ar	3	0.5678	0.3639	0.8263	0.7816	0.2357	0.8607	0.9266	0.9672	0.4965		0.5136	0.2934	0.8382	0.1622	0	0.9703	0.5465		0.8333	0.9524	0.5951	0	0.4918	0.0679	0.8319	0.6165	0.7263	0.7622	0.5915	0.4512	0	0	0	0.1739	0.5735
0	en	es	3	0.5815	0.3628	0.7905	0.7828	0.1435	0.862	0.9186	0.9658	0.5011		0.53	0.2966	0.8412	0.0571	0	0.9734	0.5318		0.7833	0.9449	0.5567	0	0.5333	0.0608	0.8158	0.6298	0.7283	0.771	0.5743	0.4706	0	0.0563	0	0.0909	0.6008
0	en	fr	3	0.5731	0.3442	0.8112	0.7711	0.2562	0.8451	0.9229	0.9621	0.5443		0.5297	0.3157	0.852	0.1818	0	0.9707	0.5465		0.7797	0.9375	0.5626	0	0.5231	0.1443	0.8252	0.6128	0.727	0.7772	0.5841	0.4679	0	0.0377	0	0.0952	0.5908
0	en	ru	3	0.5823	0.3389	0.8193	0.7637	0.2573	0.8539	0.9265	0.9588	0.5161		0.5295	0.3167	0.8335	0.2051	0	0.9707	0.5747		0.8062	0.9231	0.581	0	0.5667	0.0611	0.8287	0.633	0.7234	0.768	0.5838	0.4851	0	0.0376	0	0	0.587
0	en	zh	3	0.5755	0.4052	0.7959	0.7674	0.1724	0.867	0.9242	0.9649	0.5103		0.518	0.2496	0.8425	0.1026	0	0.969	0.5269		0.8197	0.9449	0.5764	0	0.5294	0.1555	0.8227	0.6199	0.7218	0.768	0.5806	0.4605	0	0.0545	0	0	0.5886
0	en	en	3	0.3946	0.2581	0.753	0.6612	0.16	0.8158	0.8973	0.9638	0.4528		0.4384	0.1863	0.7983	0.1429	0	0.9648	0.5581		0.8403	0.9431	0.4384	0	0.5517	0.0615	0.7767	0.5345	0.6849	0.6998	0.4894	0.3707	0	0.0098	0	0	0.5122
1	en	ar	3	0.7898	0.6217	0.8804	0.8419	0.4691	0.9417	0.9647	0.9678	0.7066		0.7649	0.6972	0.9192	0.5263	0	0.9863	0.6383		0.8438	0.9593	0.6935	0.0952	0.7463	0.4929	0.9412	0.8358	0.9048	0.7802	0.8498	0.773	0	0.1371	0	0.3333	0.766
1	en	es	3	0.8184	0.662	0.8709	0.8366	0.4556	0.9411	0.9588	0.9622	0.7069		0.7731	0.7731	0.9122	0.375	0	0.989	0.5402		0.8667	0.9677	0.7463	0.087	0.5862	0.5137	0.9351	0.852	0.9234	0.7938	0.8576	0.8003	0	0.2885	0	0.3333	0.7919
1	en	fr	3	0.7684	0.583	0.8703	0.8279	0.3886	0.9361	0.9567	0.9677	0.6834		0.7364	0.7108	0.918	0.1935	0	0.9876	0.581		0.8448	0.958	0.7394	0.0952	0.7887	0.4696	0.9322	0.8202	0.8982	0.8055	0.8072	0.7239	0	0.1705	0	0.1739	0.7479
1	en	ru	3	0.7844	0.6619	0.8629	0.8045	0.4817	0.9313	0.951	0.9664	0.6883		0.7437	0.7413	0.9108	0.4242	0	0.9863	0.5989		0.8376	0.9524	0.6898	0.1429	0.6349	0.5152	0.9155	0.8425	0.9043	0.7899	0.8358	0.7812	0	0.2253	0	0.2609	0.7582
1	en	zh	3	0.8168	0.6694	0.8589	0.8081	0.4835	0.9419	0.9569	0.9678	0.6925		0.7487	0.7564	0.9166	0.5116	0	0.9836	0.6077		0.8525	0.9587	0.6971	0.2581	0.6765	0.5417	0.9341	0.8475	0.9209	0.7971	0.8545	0.8	0	0.2639	0	0.3846	0.7686
1	en	en	3	0.4874	0.3359	0.7923	0.7323	0.2204	0.8734	0.9258	0.9616	0.5229		0.6369	0.5374	0.825	0.0714	0	0.978	0.5587		0.8	0.9516	0.5778	0	0.6061	0.2416	0.8464	0.6749	0.7774	0.7528	0.6582	0.5463	0	0.0367	0	0.0952	0.6317
2	en	ar	3	0.8298	0.6886	0.8816	0.8398	0.5252	0.948	0.9677	0.9685	0.7245		0.7585	0.7797	0.9212	0.3784	0	0.9866	0.6082		0.832	0.9839	0.7839	0.3333	0.5172	0.5969	0.9443	0.8743	0.94	0.8055	0.8777	0.8403	0	0.3681	0	0.5	0.8093
2	en	es	3	0.8369	0.698	0.8819	0.8399	0.5326	0.9374	0.9619	0.9664	0.7477		0.7721	0.8118	0.9126	0.3429	0	0.9884	0.607		0.871	0.9672	0.7549	0.2857	0.6562	0.7407	0.9402	0.8742	0.9319	0.819	0.8814	0.8228	0	0.3185	0	0.3333	0.7742
2	en	fr	3	0.7955	0.6089	0.8784	0.8372	0.4478	0.9503	0.9646	0.965	0.7152		0.7582	0.7374	0.934	0.2222	0	0.9887	0.5926		0.8618	0.9677	0.7456	0.3226	0.7671	0.5772	0.9445	0.8529	0.9252	0.8414	0.8565	0.7991	0	0.1452	0	0.2609	0.784
2	en	ru	3	0.794	0.6694	0.8597	0.8036	0.4804	0.9326	0.9493	0.9697	0.6947		0.7584	0.8229	0.904	0.3243	0	0.9801	0.6421		0.8525	0.9194	0.7495	0.1053	0.6102	0.6074	0.9226	0.8442	0.9236	0.7687	0.8437	0.7927	0	0.3794	0	0.2609	0.7592
2	en	zh	3	0.8091	0.6834	0.8401	0.8081	0.5037	0.9343	0.95	0.9665	0.7371		0.7669	0.8351	0.9089	0.4737	0	0.978	0.5778		0.8571	0.8926	0.7439	0.4138	0.6765	0.7025	0.9305	0.8371	0.9278	0.8052	0.8576	0.7921	0	0.391	0	0.25	0.7464
2	en	en	3	0.462	0.3354	0.7704	0.7142	0.2436	0.8794	0.921	0.9644	0.5336		0.6516	0.5451	0.8254	0	0	0.981	0.5349		0.8246	0.9524	0.6312	0	0.5667	0.434	0.8427	0.6819	0.8183	0.7305	0.6863	0.5697	0	0.0687	0	0	0.6328
3	en	ar	3	0.828	0.7045	0.8825	0.8502	0.506	0.9513	0.9699	0.9691	0.7526		0.7937	0.8225	0.937	0.4737	0	0.9876	0.6436		0.8618	0.9516	0.8131	0.3571	0.7164	0.6247	0.9476	0.8761	0.9392	0.8551	0.8768	0.8293	0	0.3302	0	0.4444	0.7994
3	en	es	3	0.8491	0.7457	0.8868	0.8486	0.5637	0.9514	0.9692	0.9686	0.7636		0.7912	0.826	0.9287	0.3333	0	0.9877	0.6632		0.875	0.9836	0.7929	0.2	0.7463	0.6297	0.9545	0.8871	0.9416	0.8388	0.897	0.8443	0	0.3648	0	0.32	0.8119
3	en	fr	3	0.832	0.6841	0.8859	0.8394	0.4604	0.9464	0.9646	0.9663	0.7343		0.7728	0.8161	0.9371	0.1935	0	0.9882	0.6354		0.8308	0.9677	0.8124	0.1	0.7467	0.6202	0.948	0.8703	0.9354	0.8388	0.8675	0.8246	0	0.3715	0	0.3333	0.7894
3	en	ru	3	0.8038	0.7103	0.869	0.8172	0.4732	0.9508	0.9639	0.9657	0.7647		0.777	0.8207	0.9254	0.3333	0	0.9857	0.6489		0.8525	0.9531	0.7835	0.2308	0.6765	0.6437	0.9408	0.8486	0.9414	0.8315	0.8682	0.8144	0	0.4057	0	0.4286	0.8024
3	en	zh	3	0.8209	0.7231	0.8717	0.8088	0.4848	0.9385	0.9664	0.971	0.7692		0.7682	0.8518	0.9184	0.4242	0	0.982	0.6289		0.871	0.9919	0.7754	0.3871	0.6667	0.5873	0.9447	0.8708	0.9388	0.8357	0.8807	0.8223	0	0.4289	0	0.3846	0.7955
3	en	en	3	0.3853	0.3642	0.7384	0.6804	0.23	0.8823	0.9193	0.9622	0.5374		0.6593	0.5664	0.8236	0	0	0.9779	0.5349		0.8235	0.9206	0.6345	0.1111	0.5263	0.3386	0.8393	0.6761	0.8511	0.7341	0.7398	0.5934	0	0.1224	0	0.25	0.609
4	en	ar	3	0.8445	0.7779	0.8759	0.847	0.5922	0.9498	0.9693	0.9704	0.7975		0.7978	0.8517	0.9291	0.4211	0	0.9871	0.602		0.873	0.9516	0.7584	0.1739	0.7536	0.6505	0.9498	0.8895	0.9464	0.8445	0.8977	0.8631	0	0.3738	0	0.32	0.841
4	en	es	3	0.8541	0.7584	0.8809	0.8614	0.6069	0.9537	0.9692	0.9677	0.7939		0.798	0.8666	0.939	0.439	0	0.989	0.6256		0.9008	0.9593	0.8118	0.1481	0.7467	0.7114	0.9527	0.9035	0.9515	0.8515	0.921	0.8656	0	0.4182	0	0.3704	0.8399
4	en	fr	3	0.8587	0.7609	0.8817	0.8527	0.5455	0.9544	0.969	0.9676	0.7934		0.7989	0.873	0.9359	0.2941	0	0.9898	0.5789		0.8361	0.9516	0.7986	0.087	0.7895	0.693	0.9557	0.9003	0.9479	0.8582	0.9104	0.8588	0	0.4973	0	0.4	0.8232
4	en	ru	3	0.8367	0.766	0.8607	0.8241	0.5399	0.9363	0.9673	0.9649	0.7495		0.7801	0.8529	0.9024	0.2424	0	0.9844	0.6429		0.8571	0.9244	0.8214	0.1875	0.7838	0.6217	0.9449	0.8762	0.9404	0.8367	0.9015	0.8307	0	0.4629	0	0.4444	0.8018
4	en	zh	3	0.8252	0.7324	0.8571	0.8186	0.5529	0.941	0.9637	0.9692	0.7982		0.7815	0.8615	0.9159	0.303	0	0.9825	0.6211		0.873	0.9839	0.8047	0.2424	0.7733	0.7041	0.9465	0.8786	0.9434	0.8386	0.8788	0.8407	0	0.4518	0	0.625	0.7994
4	en	en	3	0.5673	0.4524	0.7358	0.6904	0.3787	0.8729	0.934	0.9579	0.541		0.6661	0.7178	0.8298	0.1538	0	0.9732	0.5851		0.8197	0.8943	0.656	0.25	0.8108	0.5885	0.8647	0.7615	0.8719	0.7029	0.7869	0.6642	0	0.2282	0	0.3571	0.6327
0	ar	en	1	0.6686	0.2098	0.5867	0.8193	0.1957	0.9043	0.804	0.833	0.541			0.3414	0.3243	0.4706	0.3514	0.8278				0.4257	0.6222		0.0508		0.5294	0.7432	0.5271	0.7467	0.4376	0.4151	0	0.898			0.4327
1	ar	en	1	0.8044	0.4756	0.5925	0.8541	0.381	0.9147	0.9366	0.8412	0.688			0.741	0.6901	0.507	0.5	0.8462				0.6573	0.6087		0.1956		0.6961	0.8247	0.7087	0.7569	0.575	0.6027	0	0.9091			0.5018
2	ar	en	1	0.8055	0.436	0.5871	0.852	0.3962	0.9226	0.939	0.832	0.7185			0.7624	0.6743	0.5915	0.6194	0.8389				0.7229	0.549		0.1849		0.7156	0.8332	0.7465	0.7807	0.6015	0.598	0	0.9303			0.5355
3	ar	en	1	0.8171	0.4182	0.5919	0.8612	0.3333	0.9211	0.9426	0.8321	0.7335			0.7636	0.6905	0.5	0.549	0.8519				0.7815	0.5333		0.1442		0.7459	0.8305	0.7373	0.7818	0.5977	0.6174	0	0.9211			0.5524
4	ar	en	1	0.8295	0.3576	0.5944	0.8561	0.4211	0.9211	0.9437	0.8291	0.7099			0.7706	0.6503	0.4928	0.5714	0.848				0.7929	0.5957		0.2126		0.7605	0.8399	0.7455	0.8115	0.6126	0.6113	0	0.921			0.5862
0	ar	en	2	0.674	0.2361	0.5887	0.8194	0.1915	0.8904	0.8594	0.8401	0.5554			0.3433	0.5745	0.4615	0.3613	0.8321				0.463	0.6364		0.0857		0.5264	0.723	0.5362	0.7542	0.4464	0.4301	0	0.89			0.4435
1	ar	en	2	0.7934	0.4438	0.5876	0.8608	0.4211	0.9169	0.9389	0.8425	0.6804			0.7361	0.6744	0.4857	0.4768	0.8534				0.6968	0.5652		0.2403		0.6877	0.8181	0.7049	0.7592	0.5762	0.5968	0	0.9076			0.5208
2	ar	en	2	0.8168	0.4438	0.5829	0.8487	0.4615	0.9078	0.9396	0.8364	0.7136			0.7646	0.6857	0.6173	0.5621	0.8299				0.6994	0.4651		0.1256		0.7224	0.8304	0.7433	0.7682	0.6034	0.609	0	0.9328			0.5492
3	ar	en	2	0.8179	0.4308	0.6056	0.8607	0.3636	0.9236	0.9426	0.8287	0.737			0.7656	0.7027	0.5556	0.5479	0.8527				0.7712	0.6531		0.1835		0.7529	0.8357	0.745	0.8	0.6006	0.6173	0	0.9238			0.5362
4	ar	en	2	0.8257	0.3261	0.595	0.8532	0.4098	0.9122	0.9439	0.83	0.7222			0.7731	0.6667	0.4857	0.5526	0.8496				0.7712	0.5714		0.188		0.7495	0.8359	0.7512	0.8165	0.6127	0.6187	0	0.9223			0.5603
0	ar	en	3	0.6774	0.1459	0.5945	0.8212	0.1875	0.915	0.8554	0.8392	0.5421			0.3732	0.4331	0.3492	0.3768	0.8416				0.4638	0.6047		0.0777		0.515	0.7246	0.5216	0.7458	0.4378	0.4297	0	0.8948			0.4626
1	ar	en	3	0.8047	0.4299	0.5915	0.8593	0.4182	0.9184	0.9406	0.8449	0.689			0.7342	0.6707	0.5	0.4933	0.8435				0.6538	0.5778		0.2324		0.6804	0.8238	0.708	0.7688	0.5736	0.5982	0	0.9019			0.5019
2	ar	en	3	0.8077	0.4444	0.5738	0.8511	0.381	0.9078	0.9418	0.8388	0.7233			0.766	0.6444	0.5333	0.5921	0.8325				0.68	0.5217		0.2128		0.725	0.8307	0.7449	0.7753	0.5927	0.6095	0	0.9279			0.5512
3	ar	en	3	0.8231	0.4658	0.5881	0.8629	0.3486	0.9158	0.9431	0.8246	0.7237			0.7693	0.703	0.5455	0.5641	0.8429				0.7564	0.6087		0.177		0.7417	0.8313	0.7458	0.7863	0.6001	0.6104	0	0.9203			0.5811
4	ar	en	3	0.8302	0.4037	0.5941	0.8614	0.431	0.9079	0.9454	0.8317	0.7099			0.7754	0.6982	0.48	0.5733	0.8579				0.7784	0.6415		0.1629		0.7627	0.8375	0.753	0.8015	0.6141	0.6135	0	0.9201			0.5625
0	es	en	1	0.592	0.3843	0.8743	0.7796	0.27	0.8929	0.978	0.9589	0.4857		0	0.3219	0.8659	0.3214	0.4848	0.9708				0.8416	0.5189		0.8924		0.9065	0.6624	0.4245	0.8478	0.564	0.5701		0			0.5192
1	es	en	1	0.7492	0.5255	0.8747	0.8588	0.5831	0.9234	0.9826	0.974	0.6824		0	0.6464	0.8805	0.5424	0.5	0.9814				0.916	0.7826		0.8848		0.9547	0.8635	0.6667	0.882	0.6925	0.7303		0.0769			0.6491
2	es	en	1	0.769	0.5741	0.8684	0.8802	0.6069	0.9486	0.9805	0.9698	0.6909		0	0.6772	0.9194	0.5283	0.5333	0.986				0.9244	0.7738		0.8899		0.9378	0.8604	0.7213	0.9096	0.7308	0.7449		0.122			0.6667
3	es	en	1	0.7776	0.5646	0.8845	0.8777	0.6509	0.9401	0.9811	0.9727	0.7456		0	0.7294	0.9134	0.4912	0.5333	0.9869				0.9198	0.836		0.8919		0.9398	0.8959	0.7612	0.9101	0.783	0.807		0.075			0.6721
4	es	en	1	0.8535	0.8146	0.8827	0.8919	0.7213	0.9673	0.9805	0.9753	0.8383		0	0.898	0.9286	0.5965	0.5294	0.9863				0.9421	0.8626		0.9169		0.9342	0.9337	0.8721	0.9096	0.832	0.8826		0.6667			0.7521
0	es	en	2	0.5908	0.4143	0.8752	0.7715	0.3504	0.8863	0.9783	0.9602	0.4966		0	0.3019	0.8667	0.386	0.5333	0.9731				0.8584	0.5261		0.8884		0.9125	0.6697	0.4234	0.8475	0.5856	0.5602		0.0556			0.5586
1	es	en	2	0.7405	0.5455	0.8704	0.8642	0.5907	0.9284	0.9806	0.9713	0.6667		0	0.6532	0.8935	0.4615	0.5	0.9837				0.9153	0.7704		0.877		0.9457	0.8632	0.6711	0.8977	0.6881	0.7274		0.0548			0.6783
2	es	en	2	0.7512	0.5587	0.8598	0.8726	0.5325	0.9352	0.9793	0.9672	0.7093		0	0.6674	0.9006	0.52	0.5333	0.986				0.9205	0.7857		0.8798		0.9226	0.8606	0.7211	0.8977	0.7233	0.7411		0.122			0.6555
3	es	en	2	0.8055	0.5836	0.8942	0.8809	0.6325	0.9384	0.9808	0.9767	0.7093		0	0.7453	0.9012	0.6182	0.5143	0.9889				0.9283	0.828		0.8969		0.941	0.8976	0.7899	0.9127	0.783	0.8143		0.1026			0.7244
4	es	en	2	0.8585	0.7752	0.8898	0.8933	0.7147	0.9602	0.9817	0.9711	0.8537		0	0.8989	0.9258	0.5517	0.5455	0.9852				0.9593	0.8518		0.8894		0.9327	0.9333	0.8809	0.9167	0.8348	0.8789		0.6202			0.8167
0	es	en	3	0.6048	0.3929	0.8685	0.7723	0.3571	0.8945	0.9759	0.9589	0.4648		0	0.2776	0.8708	0.3396	0.5	0.9714				0.8402	0.5263		0.8844		0.9105	0.6751	0.4	0.8516	0.5437	0.5703		0			0.5254
1	es	en	3	0.7594	0.5401	0.883	0.8619	0.5749	0.9256	0.9823	0.9699	0.6923		0	0.6617	0.8851	0.5424	0.5333	0.9837				0.9191	0.7734		0.8758		0.9444	0.8597	0.6572	0.8778	0.6994	0.714		0.1316			0.65
2	es	en	3	0.7596	0.5831	0.8689	0.8788	0.5664	0.9535	0.9811	0.9646	0.6747		0	0.6703	0.9263	0.5091	0.5806	0.9863				0.9328	0.8		0.9		0.9399	0.8617	0.7271	0.8895	0.7581	0.7504		0.122			0.6772
3	es	en	3	0.7807	0.5791	0.8906	0.8794	0.6516	0.9461	0.982	0.974	0.7356		0	0.746	0.9123	0.6316	0.5161	0.9874				0.906	0.8213		0.8889		0.9414	0.8955	0.7712	0.9056	0.7725	0.8142		0.1798			0.7328
4	es	en	3	0.8571	0.8013	0.8883	0.8973	0.7293	0.9645	0.9797	0.9711	0.8452		0	0.8941	0.9181	0.5667	0.5625	0.9854				0.9512	0.8449		0.8959		0.9329	0.9315	0.8769	0.9086	0.8341	0.881		0.6202			0.7705
0	fr	en	1	0.6831	0.3919	0.8851	0.7817	0.1882	0.8853	0.9624	0.9624	0.3366		0.1961	0.314	0.8696	0	0	0.974	0.2857		0.5618	0.9014	0.5269		0.5667		0.8348	0.7413	0.6672	0.8693	0.5308	0.5484		0			0.5116
1	fr	en	1	0.746	0.5561	0.9065	0.8512	0.5128	0.9336	0.9755	0.9627	0.6032		0.2222	0.6656	0.8947	0	0	0.9846	0		0.6517	0.9371	0.7897		0.7		0.9095	0.8765	0.8493	0.8794	0.7469	0.7306		0.0588			0.6494
2	fr	en	1	0.7607	0.5667	0.8925	0.8595	0.4935	0.9436	0.9746	0.9606	0.6555		0.2069	0.7233	0.8941	0	0	0.9798	0.3333		0.5217	0.9435	0.7799		0.7018		0.9115	0.8926	0.8848	0.9007	0.7843	0.7627		0.1111			0.6667
3	fr	en	1	0.8092	0.6369	0.9219	0.8782	0.6106	0.939	0.978	0.9685	0.5636		0.2667	0.7843	0.9333	0	0	0.9838	0.2857		0.5333	0.9359	0.8254		0.6531		0.9217	0.9183	0.9133	0.9014	0.8156	0.8322		0.0889			0.6818
4	fr	en	1	0.8536	0.7676	0.9101	0.8907	0.7154	0.9588	0.9845	0.9724	0.7797		0.3438	0.8654	0.9328	0	0	0.986	0		0.6122	0.9524	0.8125		0.7273		0.9159	0.943	0.9554	0.9241	0.8525	0.8875		0.2727			0.6988
0	fr	en	2	0.664	0.3066	0.8728	0.7762	0.2048	0.8737	0.9624	0.9548	0.3168		0.1852	0.3518	0.8429	0	0	0.9776	0.3333		0.5532	0.8857	0.5119		0.6102		0.841	0.7454	0.6545	0.8612	0.5319	0.5374		0			0.5476
1	fr	en	2	0.7333	0.5185	0.898	0.8631	0.5462	0.9303	0.9739	0.9625	0.5932		0.1887	0.6789	0.8992	0	0	0.9838	0.3333		0.6526	0.9341	0.7732		0.6866		0.8889	0.8759	0.8511	0.8912	0.7625	0.732		0.0571			0.642
2	fr	en	2	0.7764	0.5419	0.8939	0.8689	0.511	0.9434	0.9754	0.9591	0.6935		0.2414	0.7406	0.9042	0	0	0.982	0		0.5287	0.9352	0.7938		0.7097		0.8844	0.8823	0.8857	0.892	0.7773	0.7579		0.1463			0.642
3	fr	en	2	0.7927	0.6286	0.9281	0.8763	0.5975	0.9441	0.9795	0.9723	0.541		0.2857	0.7857	0.9202	0	0	0.9853	0.2857		0.56	0.9441	0.83		0.7333		0.9177	0.9225	0.9153	0.9066	0.8065	0.8236		0			0.65
4	fr	en	2	0.8454	0.7619	0.9138	0.8859	0.716	0.9625	0.9845	0.9685	0.8305		0.2951	0.8653	0.9389	0	0	0.9864	0		0.617	0.9497	0.8032		0.7368		0.922	0.9437	0.9492	0.9172	0.851	0.8883		0.2381			0.7333
0	fr	en	3	0.6747	0.3008	0.88	0.7922	0.2192	0.8916	0.9635	0.9569	0.3146		0.2	0.3451	0.8815	0	0	0.9783	0.3333		0.5747	0.8933	0.5239		0.597		0.8405	0.7383	0.6738	0.8732	0.5564	0.5369		0			0.4935
1	fr	en	3	0.7409	0.5098	0.9003	0.8589	0.5022	0.9356	0.9777	0.9606	0.5902		0.2222	0.6716	0.9	0	0	0.9849	0.3333		0.5783	0.9371	0.7692		0.6667		0.8998	0.8787	0.846	0.8842	0.75	0.735		0.0588			0.5946
2	fr	en	3	0.7613	0.5775	0.9005	0.8644	0.5202	0.9389	0.9749	0.955	0.6207		0.2333	0.7356	0.8897	0	0	0.9798	0.3333		0.56	0.9516	0.813		0.6441		0.8972	0.883	0.8859	0.8944	0.7657	0.7519		0.1667			0.619
3	fr	en	3	0.8107	0.6077	0.9152	0.8818	0.6204	0.9421	0.9788	0.9723	0.5946		0.2712	0.7884	0.9272	0	0	0.9853	0.3333		0.5941	0.9359	0.8571		0.6316		0.9177	0.9272	0.9166	0.8982	0.8076	0.8239		0.0465			0.6506
4	fr	en	3	0.8367	0.7807	0.9116	0.8958	0.687	0.9605	0.9834	0.9765	0.8167		0.2951	0.864	0.9421	0	0	0.9856	0		0.617	0.9605	0.8226		0.7241		0.9345	0.9472	0.9525	0.9135	0.8582	0.8934		0.2439			0.6829
0	ru	en	1	0.4778	0.3158	0.7679	0.6494	0.1946	0.8834	0.9683	0.9759	0.32		0.4444	0.2454	0.7111		0	0.9065	0.6735			0.8525	0.3787	0.7282	0.3735	0.1915	0.8224	0.6907	0.5448	0.7733	0.4619	0.6245	0	0.1099		0	0.6667
1	ru	en	1	0.6959	0.433	0.7734	0.8862	0.5026	0.9405	0.9738	0.9816	0.3793		0.8333	0.6921	0.8031		0	0.9186	0.7544			0.8615	0.6423	0.9618	0.3882	0.5743	0.8807	0.7921	0.7484	0.8383	0.5987	0.834	0	0.268		0	0.8054
2	ru	en	1	0.7486	0.5294	0.779	0.9086	0.531	0.9461	0.9745	0.9785	0.6316		0.8333	0.7628	0.8281		0	0.9349	0.7107			0.806	0.6692	0.9183	0.3913	0.6435	0.9444	0.8141	0.7768	0.8459	0.6198	0.8327	0.0435	0.4356		0	0.8
3	ru	en	1	0.7375	0.495	0.7774	0.9058	0.578	0.9512	0.9789	0.9742	0.5714		0.8333	0.7683	0.8504		0	0.9357	0.7273			0.8358	0.6777	0.9354	0.407	0.6496	0.8704	0.8138	0.8062	0.8404	0.6395	0.8333	0.0851	0.4685		0	0.8364
4	ru	en	1	0.7479	0.566	0.774	0.9118	0.6346	0.9753	0.9841	0.9741	0.7576		0.7273	0.8554	0.916		0	0.9208	0.7143			0.8824	0.6883	0.9301	0.4792	0.697	0.8762	0.8384	0.7822	0.8571	0.6492	0.8608	0.0426	0.547		0	0.8696
0	ru	en	2	0.474	0.2927	0.7596	0.6478	0.1893	0.907	0.9695	0.9744	0.2692		0.4	0.2255	0.7167		0	0.8934	0.7273			0.8333	0.3933	0.7324	0.3333	0.1772	0.8288	0.6879	0.5356	0.7823	0.4739	0.6248	0	0.1684		0	0.7027
1	ru	en	2	0.6979	0.4381	0.7797	0.8873	0.5172	0.9231	0.9733	0.9771	0.449		0.6	0.6869	0.8		0	0.9226	0.7568			0.8571	0.6367	0.9412	0.4492	0.5319	0.8727	0.7904	0.74	0.8377	0.5848	0.8334	0.0435	0.1961		0	0.7778
2	ru	en	2	0.738	0.5283	0.7895	0.9069	0.5295	0.9467	0.9752	0.9771	0.5714		0.8333	0.7706	0.843		0	0.9381	0.6838			0.8615	0.6463	0.9126	0.3977	0.6949	0.9273	0.8171	0.7874	0.8543	0.6274	0.8336	0	0.4314		0	0.8333
3	ru	en	2	0.7159	0.5505	0.7913	0.9072	0.5631	0.9524	0.9777	0.9755	0.6102		0.7273	0.7676	0.85		0	0.9275	0.7069			0.8529	0.684	0.9261	0.386	0.6142	0.8991	0.8284	0.807	0.86	0.6395	0.8438	0.0435	0.4688		0	0.8364
4	ru	en	2	0.767	0.6306	0.7758	0.9097	0.6414	0.9524	0.9841	0.9681	0.8		0.7273	0.8629	0.8871		0	0.9357	0.7018			0.8889	0.6992	0.9261	0.4469	0.7107	0.8411	0.8379	0.7871	0.8658	0.6569	0.8523	0.0426	0.5667		0	0.875
0	ru	en	3	0.4558	0.2821	0.7688	0.6468	0.2278	0.924	0.9696	0.9729	0.2917		0.4444	0.216	0.75		0	0.9065	0.7091			0.8125	0.3699	0.7321	0.3014	0.0988	0.8257	0.6766	0.5352	0.7736	0.5078	0.6233	0	0.1263		0	0.6541
1	ru	en	3	0.7108	0.4565	0.7726	0.8866	0.5237	0.9341	0.973	0.9801	0.4643		0.8333	0.7016	0.8062		0	0.9267	0.7563			0.8387	0.6568	0.9541	0.4176	0.6055	0.8673	0.7961	0.7458	0.8278	0.5753	0.8253	0	0.2913		0	0.805
2	ru	en	3	0.774	0.6	0.7919	0.9068	0.5502	0.9325	0.9737	0.9829	0.6667		0.7273	0.7788	0.8527		0	0.9302	0.6957			0.8529	0.6694	0.9151	0.3926	0.6667	0.9091	0.8183	0.7881	0.8525	0.6268	0.8342	0.5246	0.466		0	0.8129
3	ru	en	3	0.7365	0.5664	0.7788	0.9073	0.5757	0.9455	0.9773	0.9697	0.6296		0.8333	0.7596	0.8372		0	0.9368	0.72			0.8485	0.6721	0.9407	0.4309	0.6119	0.8807	0.8152	0.8	0.8459	0.6453	0.8399	0.0426	0.5649		0	0.8519
4	ru	en	3	0.7514	0.5825	0.7788	0.9062	0.6192	0.9639	0.982	0.9666	0.7353		0.7273	0.854	0.912		0	0.9263	0.7059			0.875	0.6777	0.9299	0.3804	0.7179	0.8411	0.8354	0.7866	0.8581	0.6496	0.8528	0.0435	0.5217		0	0.8553
0	zh	en	1	0.4319	0.1111	0.6023	0.4558	0.0364	0.7846	0.6628	0.8357	0.3072	0.5504		0.2179	0.6625	0	0.2038	0.2571	0.5	0			0.3429		0		0.6358	0.4461	0.3354	0.8748	0.3952	0.0913					0.1714
1	zh	en	1	0.5581	0.2222	0.6376	0.4902	0.5089	0.8029	0.7114	0.8483	0.4829	0.7801		0.7678	0.7038	0	0.4107	0.6707	0.72	0.1667			0.88		0		0.7338	0.6317	0.6249	0.9208	0.7183	0.5102					0.4348
2	zh	en	1	0.5765	0.125	0.6137	0.4437	0.5089	0.7956	0.7135	0.8481	0.5486	0.7626		0.8315	0.6801	0.0526	0.4418	0.6827	0.7692	0			0.92		0		0.7242	0.6306	0.635	0.9281	0.7645	0.5093					0.417
3	zh	en	1	0.6139	0.2222	0.6098	0.4883	0.5529	0.7726	0.7273	0.8442	0.594	0.7824		0.8676	0.7052	0.186	0.6093	0.7311	0.875	0			0.9231		0		0.729	0.6538	0.6783	0.9275	0.7965	0.5061					0.4496
4	zh	en	1	0.6331	0.2222	0.6106	0.4861	0.6023	0.7971	0.738	0.8424	0.6518	0.7441		0.8909	0.7333	0.15	0.6656	0.7204	0.8485	0			0.8		0		0.7373	0.6605	0.6867	0.9288	0.8251	0.4961					0.4788
0	zh	en	2	0.4363	0.125	0.6235	0.4967	0.0187	0.7799	0.664	0.8222	0.3197	0.5504		0.2059	0.6563	0	0.1979	0.2716	0.5	0			0.2941		0		0.6338	0.4487	0.3199	0.8722	0.388	0.0632					0.2266
1	zh	en	2	0.5354	0.2222	0.6168	0.4839	0.5089	0.7955	0.7094	0.8409	0.4951	0.7798		0.7653	0.7062	0	0.4008	0.6814	0.8148	0.1667			0.88		0		0.7181	0.6325	0.6109	0.9212	0.7154	0.4737					0.4093
2	zh	en	2	0.5717	0.125	0.6171	0.4328	0.5122	0.8015	0.6946	0.8457	0.5294	0.7591		0.8302	0.6842	0.1429	0.4403	0.6865	0.7692	0			0.898		0		0.6959	0.6401	0.6468	0.9254	0.7616	0.5158					0.3891
3	zh	en	2	0.6325	0.2222	0.6113	0.4967	0.5581	0.7742	0.7273	0.8506	0.5873	0.7536		0.8704	0.7041	0	0.6489	0.7182	0.8387	0			0.902		0		0.725	0.6536	0.6724	0.9275	0.8049	0.5039					0.4511
4	zh	en	2	0.6382	0.2222	0.6208	0.4637	0.6298	0.7927	0.7466	0.8433	0.6327	0.7552		0.8941	0.7316	0.15	0.639	0.7288	0.8125	0			0.8214		0		0.7206	0.6655	0.6943	0.924	0.8235	0.5314					0.4355
0	zh	en	3	0.4349	0.125	0.6212	0.4968	0.082	0.7846	0.6612	0.8523	0.3072	0.5608		0.1945	0.6603	0	0.2058	0.2553	0.5	0			0.303		0		0.6372	0.4512	0.3558	0.8766	0.3823	0.0846					0.1608
1	zh	en	3	0.5473	0.1176	0.6451	0.4792	0.5059	0.8073	0.7038	0.8523	0.4851	0.7738		0.7655	0.6821	0.0513	0.3524	0.6691	0.6087	0			0.8627		0		0.7261	0.6253	0.6161	0.9129	0.7153	0.4367					0.4387
2	zh	en	3	0.579	0.125	0.6046	0.4483	0.5119	0.7927	0.7051	0.8448	0.5527	0.7512		0.8299	0.7156	0.1026	0.4476	0.693	0.7143	0			0.898		0		0.6985	0.6339	0.6397	0.9246	0.7609	0.5157					0.373
3	zh	en	3	0.634	0.1176	0.6	0.5	0.5818	0.7726	0.7264	0.8481	0.6039	0.7748		0.8756	0.7178	0.0976	0.6184	0.7207	0.8667	0			0.902		0		0.7293	0.6538	0.6776	0.9343	0.8067	0.5372					0.432
4	zh	en	3	0.628	0.2353	0.606	0.4814	0.6199	0.8014	0.7368	0.8391	0.6421	0.7535		0.8994	0.7262	0.1463	0.654	0.7157	0.8667	0			0.8214		0		0.7335	0.6654	0.6837	0.9279	0.821	0.5318					0.4667